score,conf
-0.034985602,-0.034985602
-0.034985602,-0.034985602
-0.034985602,-0.034985602
-0.034985602,-0.034985602
-0.034985602,-0.034985602
-0.034985602,-0.034985602
-0.034985602,-0.034985602
-0.034985602,-0.034985602
-0.034985602,-0.034985602
-0.034985602,-0.034985602
-0.034985602,-0.034985602
-0.034985602,-0.034985602
-0.034985602,-0.034985602
-0.034985602,-0.034985602
-0.034985602,-0.034985602
-0.034985602,-0.034985602
-0.034985602,-0.034985602
-0.034985602,-0.034985602
-0.034985602,-0.034985602
-0.034985602,-0.034985602
-0.034985602,-0.034985602
-0.034985602,-0.034985602
-0.034985602,-0.034985602
-0.034985602,-0.034985602
-0.034985602,-0.034985602
-0.034985602,-0.034985602
-0.034985602,-0.034985602
-0.034985602,-0.034985602
-0.034985602,-0.034985602
-0.034985602,-0.034985602
-0.034985602,-0.034985602
-0.034985602,-0.034985602
-0.034985602,-0.034985602
-0.034985602,-0.034985602
-0.034985602,-0.034985602
-0.034985602,-0.034985602
-0.034985602,-0.034985602
-0.034985602,-0.034985602
-0.034985602,-0.034985602
-0.034985602,-0.034985602
-0.034985602,-0.034985602
-0.034985602,-0.034985602
-0.034985602,-0.034985602
-0.034985602,-0.034985602
-0.034985602,-0.034985602
-0.034985602,-0.034985602
-0.034985602,-0.034985602
-0.034985602,-0.034985602
-0.034985602,-0.034985602
-0.034985602,-0.034985602
-0.034985602,-0.034985602
-0.034985602,-0.034985602
-0.034985602,-0.034985602
-0.034985602,-0.034985602
-0.034985602,-0.034985602
-0.034985602,-0.034985602
-0.034985602,-0.034985602
-0.034985602,-0.034985602
-0.034985602,-0.034985602
-0.034985602,-0.034985602
-0.034985602,-0.034985602
-0.034985602,-0.034985602
-0.034985602,-0.034985602
-0.034985602,-0.034985602
-0.034985602,-0.034985602
-0.034985602,-0.034985602
-0.034985602,-0.034985602
-0.034985602,-0.034985602
-0.034985602,-0.034985602
-0.034985602,-0.034985602
-0.034985602,-0.034985602
-0.034985602,-0.034985602
-0.034985602,-0.034985602
-0.034985602,-0.034985602
-0.034985602,-0.034985602
-0.034985602,-0.034985602
-0.034985602,-0.034985602
-0.034985602,-0.034985602
-0.034985602,-0.034985602
-0.034985602,-0.034985602
-0.034985602,-0.034985602
-0.034985602,-0.034985602
-0.034985602,-0.034985602
-0.034985602,-0.034985602
-0.034985602,-0.034985602
-0.034985602,-0.034985602
-0.034985602,-0.034985602
-0.034985602,-0.034985602
-0.034985602,-0.034985602
-0.034985602,-0.034985602
-0.034985602,-0.034985602
-0.034985602,-0.034985602
-0.034985602,-0.034985602
-0.034985602,-0.034985602
-0.034985602,-0.034985602
-0.034985602,-0.034985602
-0.034985602,-0.034985602
-0.034985602,-0.034985602
-0.034985602,-0.034985602
-0.034985602,-0.034985602
-0.034985602,-0.034985602
-0.034985602,-0.034985602
-0.034985602,-0.034985602
-0.034985602,-0.034985602
-0.034985602,-0.034985602
-0.034985602,-0.034985602
-0.034985602,-0.034985602
-0.034985602,-0.034985602
-0.034985602,-0.034985602
-0.034985602,-0.034985602
-0.034985602,-0.034985602
-0.034985602,-0.034985602
-0.034985602,-0.034985602
-0.034985602,-0.034985602
-0.034985602,-0.034985602
-0.034985602,-0.034985602
-0.034985602,-0.034985602
-0.034985602,-0.034985602
-0.034985602,-0.034985602
-0.034985602,-0.034985602
-0.034985602,-0.034985602
-0.034985602,-0.034985602
-0.034985602,-0.034985602
-0.034985602,-0.034985602
-0.034985602,-0.034985602
-0.034985602,-0.034985602
-0.034985602,-0.034985602
-0.034985602,-0.034985602
-0.034985602,-0.034985602
-0.034985602,-0.034985602
-0.034985602,-0.034985602
-0.034985602,-0.034985602
-0.034985602,-0.034985602
-0.034985602,-0.034985602
-0.034985602,-0.034985602
-0.034985602,-0.034985602
-0.034985602,-0.034985602
-0.034985602,-0.034985602
-0.034985602,-0.034985602
-0.034985602,-0.034985602
-0.034985602,-0.034985602
-0.034985602,-0.034985602
-0.034985602,-0.034985602
-0.034985602,-0.034985602
-0.034985602,-0.034985602
-0.034985602,-0.034985602
-0.034985602,-0.034985602
-0.034985602,-0.034985602
-0.034985602,-0.034985602
-0.034985602,-0.034985602
-0.034985602,-0.034985602
-0.034985602,-0.034985602
-0.034985602,-0.034985602
-0.034985602,-0.034985602
-0.034985602,-0.034985602
-0.034985602,-0.034985602
-0.034985602,-0.034985602
-0.034985602,-0.034985602
-0.034985602,-0.034985602
-0.034985602,-0.034985602
-0.034985602,-0.034985602
-0.034985602,-0.034985602
-0.034985602,-0.034985602
-0.034985602,-0.034985602
-0.034985602,-0.034985602
-0.034985602,-0.034985602
-0.034985602,-0.034985602
-0.034985602,-0.034985602
-0.034985602,-0.034985602
-0.034985602,-0.034985602
-0.034985602,-0.034985602
-0.034985602,-0.034985602
-0.034985602,-0.034985602
-0.034985602,-0.034985602
-0.034985602,-0.034985602
-0.034985602,-0.034985602
-0.034985602,-0.034985602
-0.034985602,-0.034985602
-0.034985602,-0.034985602
-0.034985602,-0.034985602
-0.034985602,-0.034985602
-0.034985602,-0.034985602
-0.034985602,-0.034985602
-0.034985602,-0.034985602
-0.034985602,-0.034985602
-0.034985602,-0.034985602
-0.034985602,-0.034985602
-0.034985602,-0.034985602
-0.034985602,-0.034985602
-0.034985602,-0.034985602
-0.034985602,-0.034985602
-0.034985602,-0.034985602
-0.034985602,-0.034985602
-0.034985602,-0.034985602
-0.034985602,-0.034985602
-0.034985602,-0.034985602
-0.034985602,-0.034985602
-0.034985602,-0.034985602
-0.034985602,-0.034985602
-0.034985602,-0.034985602
-0.034985602,-0.034985602
-0.034985602,-0.034985602
-0.034985602,-0.034985602
-0.034985602,-0.034985602
-0.034985602,-0.034985602
-0.034985602,-0.034985602
-0.034985602,-0.034985602
-0.034985602,-0.034985602
-0.034985602,-0.034985602
-0.034985602,-0.034985602
-0.034985602,-0.034985602
-0.034985602,-0.034985602
-0.034985602,-0.034985602
-0.034985602,-0.034985602
-0.034985602,-0.034985602
-0.034985602,-0.034985602
-0.034985602,-0.034985602
-0.034985602,-0.034985602
-0.034985602,-0.034985602
-0.034985602,-0.034985602
-0.034985602,-0.034985602
-0.034985602,-0.034985602
-0.034985602,-0.034985602
-0.034985602,-0.034985602
-0.034985602,-0.034985602
-0.034985602,-0.034985602
-0.034985602,-0.034985602
-0.034985602,-0.034985602
-0.034985602,-0.034985602
-0.034985602,-0.034985602
-0.034985602,-0.034985602
-0.034985602,-0.034985602
-0.034985602,-0.034985602
-0.034985602,-0.034985602
-0.034985602,-0.034985602
-0.034985602,-0.034985602
-0.034985602,-0.034985602
-0.034985602,-0.034985602
-0.034985602,-0.034985602
-0.034985602,-0.034985602
-0.034985602,-0.034985602
-0.034985602,-0.034985602
-0.034985602,-0.034985602
-0.034985602,-0.034985602
-0.034985602,-0.034985602
-0.034985602,-0.034985602
-0.034985602,-0.034985602
-0.034985602,-0.034985602
-0.034985602,-0.034985602
-0.034985602,-0.034985602
-0.034985602,-0.034985602
-0.034985602,-0.034985602
-0.034985602,-0.034985602
-0.034985602,-0.034985602
-0.034985602,-0.034985602
-0.034985602,-0.034985602
-0.034985602,-0.034985602
-0.034985602,-0.034985602
-0.034985602,-0.034985602
-0.034985602,-0.034985602
-0.034985602,-0.034985602
-0.034985602,-0.034985602
-0.034985602,-0.034985602
-0.034985602,-0.034985602
-0.034985602,-0.034985602
-0.034985602,-0.034985602
-0.034985602,-0.034985602
-0.034985602,-0.034985602
-0.034985602,-0.034985602
-0.034985602,-0.034985602
-0.034985602,-0.034985602
-0.034985602,-0.034985602
-0.034985602,-0.034985602
-0.034985602,-0.034985602
-0.034985602,-0.034985602
-0.034985602,-0.034985602
-0.034985602,-0.034985602
-0.034985602,-0.034985602
-0.034985602,-0.034985602
-0.034985602,-0.034985602
-0.034985602,-0.034985602
-0.034985602,-0.034985602
-0.034985602,-0.034985602
-0.034985602,-0.034985602
-0.034985602,-0.034985602
-0.034985602,-0.034985602
-0.034985602,-0.034985602
-0.034985602,-0.034985602
-0.034985602,-0.034985602
-0.034985602,-0.034985602
-0.034985602,-0.034985602
-0.034985602,-0.034985602
-0.034985602,-0.034985602
-0.034985602,-0.034985602
-0.034985602,-0.034985602
-0.034985602,-0.034985602
-0.034985602,-0.034985602
-0.034985602,-0.034985602
-0.034985602,-0.034985602
-0.034985602,-0.034985602
-0.034985602,-0.034985602
-0.034985602,-0.034985602
-0.034985602,-0.034985602
-0.034985602,-0.034985602
-0.034985602,-0.034985602
-0.034985602,-0.034985602
-0.034985602,-0.034985602
-0.034985602,-0.034985602
-0.034985602,-0.034985602
-0.034985602,-0.034985602
-0.034985602,-0.034985602
-0.034985602,-0.034985602
-0.034985602,-0.034985602
-0.034985602,-0.034985602
-0.034985602,-0.034985602
-0.034985602,-0.034985602
-0.034985602,-0.034985602
-0.034985602,-0.034985602
-0.034985602,-0.034985602
-0.034985602,-0.034985602
-0.034985602,-0.034985602
-0.034985602,-0.034985602
-0.034985602,-0.034985602
-0.034985602,-0.034985602
-0.034985602,-0.034985602
-0.034985602,-0.034985602
-0.034985602,-0.034985602
-0.034985602,-0.034985602
-0.034985602,-0.034985602
-0.034985602,-0.034985602
-0.034985602,-0.034985602
-0.034985602,-0.034985602
-0.034985602,-0.034985602
-0.034985602,-0.034985602
-0.034985602,-0.034985602
-0.034985602,-0.034985602
-0.034985602,-0.034985602
-0.034985602,-0.034985602
-0.034985602,-0.034985602
-0.034985602,-0.034985602
-0.034985602,-0.034985602
-0.034985602,-0.034985602
-0.034985602,-0.034985602
-0.034985602,-0.034985602
-0.034985602,-0.034985602
-0.034985602,-0.034985602
-0.034985602,-0.034985602
-0.034985602,-0.034985602
-0.034985602,-0.034985602
-0.034985602,-0.034985602
-0.034985602,-0.034985602
-0.034985602,-0.034985602
-0.034985602,-0.034985602
-0.034985602,-0.034985602
-0.034985602,-0.034985602
-0.034985602,-0.034985602
-0.034985602,-0.034985602
-0.034985602,-0.034985602
-0.034985602,-0.034985602
-0.034985602,-0.034985602
-0.034985602,-0.034985602
-0.034985602,-0.034985602
-0.034985602,-0.034985602
-0.034985602,-0.034985602
-0.034985602,-0.034985602
-0.034985602,-0.034985602
-0.034985602,-0.034985602
-0.034985602,-0.034985602
-0.034985602,-0.034985602
-0.034985602,-0.034985602
-0.034985602,-0.034985602
-0.034985602,-0.034985602
-0.034985602,-0.034985602
-0.034985602,-0.034985602
-0.034985602,-0.034985602
-0.034985602,-0.034985602
-0.034985602,-0.034985602
-0.034985602,-0.034985602
-0.034985602,-0.034985602
-0.034985602,-0.034985602
-0.034985602,-0.034985602
-0.034985602,-0.034985602
-0.034985602,-0.034985602
-0.034985602,-0.034985602
-0.034985602,-0.034985602
-0.034985602,-0.034985602
-0.034985602,-0.034985602
-0.034985602,-0.034985602
-0.034985602,-0.034985602
-0.034985602,-0.034985602
-0.034985602,-0.034985602
-0.034985602,-0.034985602
-0.034985602,-0.034985602
-0.034985602,-0.034985602
-0.034985602,-0.034985602
-0.034985602,-0.034985602
-0.034985602,-0.034985602
-0.034985602,-0.034985602
-0.034985602,-0.034985602
-0.034985602,-0.034985602
-0.034985602,-0.034985602
-0.034985602,-0.034985602
-0.034985602,-0.034985602
-0.034985602,-0.034985602
-0.034985602,-0.034985602
-0.034985602,-0.034985602
-0.034985602,-0.034985602
-0.034985602,-0.034985602
-0.034985602,-0.034985602
-0.034985602,-0.034985602
-0.034985602,-0.034985602
-0.034985602,-0.034985602
-0.034985602,-0.034985602
-0.034985602,-0.034985602
-0.034985602,-0.034985602
-0.034985602,-0.034985602
-0.034985602,-0.034985602
-0.034985602,-0.034985602
-0.034985602,-0.034985602
-0.034985602,-0.034985602
-0.034985602,-0.034985602
-0.034985602,-0.034985602
-0.034985602,-0.034985602
-0.034985602,-0.034985602
-0.034985602,-0.034985602
-0.034985602,-0.034985602
-0.034985602,-0.034985602
-0.034985602,-0.034985602
-0.034985602,-0.034985602
-0.034985602,-0.034985602
-0.034985602,-0.034985602
-0.034985602,-0.034985602
-0.034985602,-0.034985602
-0.034985602,-0.034985602
-0.034985602,-0.034985602
-0.034985602,-0.034985602
-0.034985602,-0.034985602
-0.034985602,-0.034985602
-0.034985602,-0.034985602
-0.034985602,-0.034985602
-0.034985602,-0.034985602
-0.034985602,-0.034985602
-0.034985602,-0.034985602
-0.034985602,-0.034985602
-0.034985602,-0.034985602
-0.034985602,-0.034985602
-0.034985602,-0.034985602
-0.034985602,-0.034985602
-0.034985602,-0.034985602
-0.034985602,-0.034985602
-0.034985602,-0.034985602
-0.034985602,-0.034985602
-0.034985602,-0.034985602
-0.034985602,-0.034985602
-0.034985602,-0.034985602
-0.034985602,-0.034985602
-0.034985602,-0.034985602
-0.034985602,-0.034985602
-0.034985602,-0.034985602
-0.034985602,-0.034985602
-0.034985602,-0.034985602
-0.034985602,-0.034985602
-0.034985602,-0.034985602
-0.034985602,-0.034985602
-0.034985602,-0.034985602
-0.034985602,-0.034985602
-0.034985602,-0.034985602
-0.034985602,-0.034985602
-0.034985602,-0.034985602
-0.034985602,-0.034985602
-0.034985602,-0.034985602
-0.034985602,-0.034985602
-0.034985602,-0.034985602
-0.034985602,-0.034985602
-0.034985602,-0.034985602
-0.034985602,-0.034985602
-0.034985602,-0.034985602
-0.034985602,-0.034985602
-0.034985602,-0.034985602
-0.034985602,-0.034985602
-0.034985602,-0.034985602
-0.034985602,-0.034985602
-0.034985602,-0.034985602
-0.034985602,-0.034985602
-0.034985602,-0.034985602
-0.034985602,-0.034985602
-0.034985602,-0.034985602
-0.034985602,-0.034985602
-0.034985602,-0.034985602
-0.034985602,-0.034985602
-0.034985602,-0.034985602
-0.034985602,-0.034985602
-0.034985602,-0.034985602
-0.034985602,-0.034985602
-0.034985602,-0.034985602
-0.034985602,-0.034985602
-0.034985602,-0.034985602
-0.034985602,-0.034985602
-0.034985602,-0.034985602
-0.034985602,-0.034985602
-0.034985602,-0.034985602
-0.034985602,-0.034985602
-0.034985602,-0.034985602
-0.034985602,-0.034985602
-0.034985602,-0.034985602
-0.034985602,-0.034985602
-0.034985602,-0.034985602
-0.034985602,-0.034985602
-0.034985602,-0.034985602
-0.034985602,-0.034985602
-0.034985602,-0.034985602
-0.034985602,-0.034985602
-0.034985602,-0.034985602
-0.034985602,-0.034985602
-0.034985602,-0.034985602
-0.034985602,-0.034985602
-0.034985602,-0.034985602
-0.034985602,-0.034985602
-0.034985602,-0.034985602
-0.034985602,-0.034985602
-0.034985602,-0.034985602
-0.034985602,-0.034985602
-0.034985602,-0.034985602
-0.034985602,-0.034985602
-0.034985602,-0.034985602
-0.034985602,-0.034985602
-0.034985602,-0.034985602
-0.034985602,-0.034985602
-0.034985602,-0.034985602
-0.034985602,-0.034985602
-0.034985602,-0.034985602
-0.034985602,-0.034985602
-0.034985602,-0.034985602
-0.034985602,-0.034985602
-0.034985602,-0.034985602
-0.034985602,-0.034985602
-0.034985602,-0.034985602
-0.034985602,-0.034985602
-0.034985602,-0.034985602
-0.034985602,-0.034985602
-0.034985602,-0.034985602
-0.034985602,-0.034985602
-0.034985602,-0.034985602
-0.034985602,-0.034985602
-0.034985602,-0.034985602
-0.034985602,-0.034985602
-0.034985602,-0.034985602
-0.034985602,-0.034985602
-0.034985602,-0.034985602
-0.034985602,-0.034985602
-0.034985602,-0.034985602
-0.034985602,-0.034985602
-0.034985602,-0.034985602
-0.034985602,-0.034985602
-0.034985602,-0.034985602
-0.034985602,-0.034985602
-0.034985602,-0.034985602
-0.034985602,-0.034985602
-0.034985602,-0.034985602
-0.034985602,-0.034985602
-0.034985602,-0.034985602
-0.034985602,-0.034985602
-0.034985602,-0.034985602
-0.034985602,-0.034985602
-0.034985602,-0.034985602
-0.034985602,-0.034985602
-0.034985602,-0.034985602
-0.034985602,-0.034985602
-0.034985602,-0.034985602
-0.034985602,-0.034985602
-0.034985602,-0.034985602
-0.034985602,-0.034985602
-0.034985602,-0.034985602
-0.034985602,-0.034985602
-0.034985602,-0.034985602
-0.034985602,-0.034985602
-0.034985602,-0.034985602
-0.034985602,-0.034985602
-0.034985602,-0.034985602
-0.034985602,-0.034985602
-0.034985602,-0.034985602
-0.034985602,-0.034985602
-0.034985602,-0.034985602
-0.034985602,-0.034985602
-0.034985602,-0.034985602
-0.034985602,-0.034985602
-0.034985602,-0.034985602
-0.034985602,-0.034985602
-0.034985602,-0.034985602
-0.034985602,-0.034985602
-0.034985602,-0.034985602
-0.034985602,-0.034985602
-0.034985602,-0.034985602
-0.034985602,-0.034985602
-0.034985602,-0.034985602
-0.034985602,-0.034985602
-0.034985602,-0.034985602
-0.034985602,-0.034985602
-0.034985602,-0.034985602
-0.034985602,-0.034985602
-0.034985602,-0.034985602
-0.034985602,-0.034985602
-0.034985602,-0.034985602
-0.034985602,-0.034985602
-0.034985602,-0.034985602
-0.034985602,-0.034985602
-0.034985602,-0.034985602
-0.034985602,-0.034985602
-0.034985602,-0.034985602
-0.034985602,-0.034985602
-0.034985602,-0.034985602
-0.034985602,-0.034985602
-0.034985602,-0.034985602
-0.034985602,-0.034985602
-0.034985602,-0.034985602
-0.034985602,-0.034985602
-0.034985602,-0.034985602
-0.034985602,-0.034985602
-0.034985602,-0.034985602
-0.034985602,-0.034985602
-0.034985602,-0.034985602
-0.034985602,-0.034985602
-0.034985602,-0.034985602
-0.034985602,-0.034985602
-0.034985602,-0.034985602
-0.034985602,-0.034985602
-0.034985602,-0.034985602
-0.034985602,-0.034985602
-0.034985602,-0.034985602
-0.034985602,-0.034985602
-0.034985602,-0.034985602
-0.034985602,-0.034985602
-0.034985602,-0.034985602
-0.034985602,-0.034985602
-0.034985602,-0.034985602
-0.034985602,-0.034985602
-0.034985602,-0.034985602
-0.034985602,-0.034985602
-0.034985602,-0.034985602
-0.034985602,-0.034985602
-0.034985602,-0.034985602
-0.034985602,-0.034985602
-0.034985602,-0.034985602
-0.034985602,-0.034985602
-0.034985602,-0.034985602
-0.034985602,-0.034985602
-0.034985602,-0.034985602
-0.034985602,-0.034985602
-0.034985602,-0.034985602
-0.034985602,-0.034985602
-0.034985602,-0.034985602
-0.034985602,-0.034985602
-0.034985602,-0.034985602
-0.034985602,-0.034985602
-0.034985602,-0.034985602
-0.034985602,-0.034985602
-0.034985602,-0.034985602
-0.034985602,-0.034985602
-0.034985602,-0.034985602
-0.034985602,-0.034985602
-0.034985602,-0.034985602
-0.034985602,-0.034985602
-0.034985602,-0.034985602
-0.034985602,-0.034985602
-0.034985602,-0.034985602
-0.034985602,-0.034985602
-0.034985602,-0.034985602
-0.034985602,-0.034985602
-0.034985602,-0.034985602
-0.034985602,-0.034985602
-0.034985602,-0.034985602
-0.034985602,-0.034985602
-0.034985602,-0.034985602
-0.034985602,-0.034985602
-0.034985602,-0.034985602
-0.034985602,-0.034985602
-0.034985602,-0.034985602
-0.034985602,-0.034985602
-0.034985602,-0.034985602
-0.034985602,-0.034985602
-0.034985602,-0.034985602
-0.034985602,-0.034985602
-0.034985602,-0.034985602
-0.034985602,-0.034985602
-0.034985602,-0.034985602
-0.034985602,-0.034985602
-0.034985602,-0.034985602
-0.034985602,-0.034985602
-0.034985602,-0.034985602
-0.034985602,-0.034985602
-0.034985602,-0.034985602
-0.034985602,-0.034985602
-0.034985602,-0.034985602
-0.034985602,-0.034985602
-0.034985602,-0.034985602
-0.034985602,-0.034985602
-0.034985602,-0.034985602
-0.034985602,-0.034985602
-0.034985602,-0.034985602
-0.034985602,-0.034985602
-0.034985602,-0.034985602
-0.034985602,-0.034985602
-0.034985602,-0.034985602
-0.034985602,-0.034985602
-0.034985602,-0.034985602
-0.034985602,-0.034985602
-0.034985602,-0.034985602
-0.034985602,-0.034985602
-0.034985602,-0.034985602
-0.034985602,-0.034985602
-0.034985602,-0.034985602
-0.034985602,-0.034985602
-0.034985602,-0.034985602
-0.034985602,-0.034985602
-0.034985602,-0.034985602
-0.034985602,-0.034985602
-0.034985602,-0.034985602
-0.034985602,-0.034985602
-0.034985602,-0.034985602
-0.034985602,-0.034985602
-0.034985602,-0.034985602
-0.034985602,-0.034985602
-0.034985602,-0.034985602
-0.034985602,-0.034985602
-0.034985602,-0.034985602
-0.034985602,-0.034985602
-0.034985602,-0.034985602
-0.034985602,-0.034985602
-0.034985602,-0.034985602
-0.034985602,-0.034985602
-0.034985602,-0.034985602
-0.034985602,-0.034985602
-0.034985602,-0.034985602
-0.034985602,-0.034985602
-0.034985602,-0.034985602
-0.034985602,-0.034985602
-0.034985602,-0.034985602
-0.034985602,-0.034985602
-0.034985602,-0.034985602
-0.034985602,-0.034985602
-0.034985602,-0.034985602
-0.034985602,-0.034985602
-0.034985602,-0.034985602
-0.034985602,-0.034985602
-0.034985602,-0.034985602
-0.034985602,-0.034985602
-0.034985602,-0.034985602
-0.034985602,-0.034985602
-0.034985602,-0.034985602
-0.034985602,-0.034985602
-0.034985602,-0.034985602
-0.034985602,-0.034985602
-0.034985602,-0.034985602
-0.034985602,-0.034985602
-0.034985602,-0.034985602
-0.034985602,-0.034985602
-0.034985602,-0.034985602
-0.034985602,-0.034985602
-0.034985602,-0.034985602
-0.034985602,-0.034985602
-0.034985602,-0.034985602
-0.034985602,-0.034985602
-0.034985602,-0.034985602
-0.034985602,-0.034985602
-0.034985602,-0.034985602
-0.034985602,-0.034985602
-0.034985602,-0.034985602
-0.034985602,-0.034985602
-0.034985602,-0.034985602
-0.034985602,-0.034985602
-0.034985602,-0.034985602
-0.034985602,-0.034985602
-0.034985602,-0.034985602
-0.034985602,-0.034985602
-0.034985602,-0.034985602
-0.034985602,-0.034985602
-0.034985602,-0.034985602
-0.034985602,-0.034985602
-0.034985602,-0.034985602
-0.034985602,-0.034985602
-0.034985602,-0.034985602
-0.034985602,-0.034985602
-0.034985602,-0.034985602
-0.034985602,-0.034985602
-0.034985602,-0.034985602
-0.034985602,-0.034985602
-0.034985602,-0.034985602
-0.034985602,-0.034985602
-0.034985602,-0.034985602
-0.034985602,-0.034985602
-0.034985602,-0.034985602
-0.034985602,-0.034985602
-0.034985602,-0.034985602
-0.034985602,-0.034985602
-0.034985602,-0.034985602
-0.034985602,-0.034985602
-0.034985602,-0.034985602
-0.034985602,-0.034985602
-0.034985602,-0.034985602
-0.034985602,-0.034985602
-0.034985602,-0.034985602
-0.034985602,-0.034985602
-0.034985602,-0.034985602
-0.034985602,-0.034985602
-0.034985602,-0.034985602
-0.034985602,-0.034985602
-0.034985602,-0.034985602
-0.034985602,-0.034985602
-0.034985602,-0.034985602
-0.034985602,-0.034985602
-0.034985602,-0.034985602
-0.034985602,-0.034985602
-0.034985602,-0.034985602
-0.034985602,-0.034985602
-0.034985602,-0.034985602
-0.034985602,-0.034985602
-0.034985602,-0.034985602
-0.034985602,-0.034985602
-0.034985602,-0.034985602
-0.034985602,-0.034985602
-0.034985602,-0.034985602
-0.034985602,-0.034985602
-0.034985602,-0.034985602
-0.034985602,-0.034985602
-0.034985602,-0.034985602
-0.034985602,-0.034985602
-0.034985602,-0.034985602
-0.034985602,-0.034985602
-0.034985602,-0.034985602
-0.034985602,-0.034985602
-0.034985602,-0.034985602
-0.034985602,-0.034985602
-0.034985602,-0.034985602
-0.034985602,-0.034985602
-0.034985602,-0.034985602
-0.034985602,-0.034985602
-0.034985602,-0.034985602
-0.034985602,-0.034985602
-0.034985602,-0.034985602
-0.034985602,-0.034985602
-0.034985602,-0.034985602
-0.034985602,-0.034985602
-0.034985602,-0.034985602
-0.034985602,-0.034985602
-0.034985602,-0.034985602
-0.034985602,-0.034985602
-0.034985602,-0.034985602
-0.034985602,-0.034985602
-0.034985602,-0.034985602
-0.034985602,-0.034985602
-0.034985602,-0.034985602
-0.034985602,-0.034985602
-0.034985602,-0.034985602
-0.034985602,-0.034985602
-0.034985602,-0.034985602
-0.034985602,-0.034985602
-0.034985602,-0.034985602
-0.034985602,-0.034985602
-0.034985602,-0.034985602
-0.034985602,-0.034985602
-0.034985602,-0.034985602
-0.034985602,-0.034985602
-0.034985602,-0.034985602
-0.034985602,-0.034985602
-0.034985602,-0.034985602
-0.034985602,-0.034985602
-0.034985602,-0.034985602
-0.034985602,-0.034985602
-0.034985602,-0.034985602
-0.034985602,-0.034985602
-0.034985602,-0.034985602
-0.034985602,-0.034985602
-0.034985602,-0.034985602
-0.034985602,-0.034985602
-0.034985602,-0.034985602
-0.034985602,-0.034985602
-0.034985602,-0.034985602
-0.034985602,-0.034985602
-0.034985602,-0.034985602
-0.034985602,-0.034985602
-0.034985602,-0.034985602
-0.034985602,-0.034985602
-0.034985602,-0.034985602
-0.034985602,-0.034985602
-0.034985602,-0.034985602
-0.034985602,-0.034985602
-0.034985602,-0.034985602
-0.034985602,-0.034985602
-0.034985602,-0.034985602
-0.034985602,-0.034985602
-0.034985602,-0.034985602
-0.034985602,-0.034985602
-0.034985602,-0.034985602
-0.034985602,-0.034985602
-0.034985602,-0.034985602
-0.034985602,-0.034985602
-0.034985602,-0.034985602
-0.034985602,-0.034985602
-0.034985602,-0.034985602
-0.034985602,-0.034985602
-0.034985602,-0.034985602
-0.034985602,-0.034985602
-0.034985602,-0.034985602
-0.034985602,-0.034985602
-0.034985602,-0.034985602
-0.034985602,-0.034985602
-0.034985602,-0.034985602
-0.034985602,-0.034985602
-0.034985602,-0.034985602
-0.034985602,-0.034985602
-0.034985602,-0.034985602
-0.034985602,-0.034985602
-0.034985602,-0.034985602
-0.034985602,-0.034985602
-0.034985602,-0.034985602
-0.034985602,-0.034985602
-0.034985602,-0.034985602
-0.034985602,-0.034985602
-0.034985602,-0.034985602
-0.034985602,-0.034985602
-0.034985602,-0.034985602
-0.034985602,-0.034985602
-0.034985602,-0.034985602
-0.034985602,-0.034985602
-0.034985602,-0.034985602
-0.034985602,-0.034985602
-0.034985602,-0.034985602
-0.034985602,-0.034985602
-0.034985602,-0.034985602
-0.034985602,-0.034985602
-0.034985602,-0.034985602
-0.034985602,-0.034985602
-0.034985602,-0.034985602
-0.034985602,-0.034985602
-0.034985602,-0.034985602
-0.034985602,-0.034985602
-0.034985602,-0.034985602
-0.034985602,-0.034985602
-0.034985602,-0.034985602
-0.034985602,-0.034985602
-0.034985602,-0.034985602
-0.034985602,-0.034985602
-0.034985602,-0.034985602
-0.034985602,-0.034985602
-0.034985602,-0.034985602
-0.034985602,-0.034985602
-0.034985602,-0.034985602
-0.034985602,-0.034985602
-0.034985602,-0.034985602
-0.034985602,-0.034985602
-0.034985602,-0.034985602
-0.034985602,-0.034985602
-0.034985602,-0.034985602
-0.034985602,-0.034985602
-0.034985602,-0.034985602
-0.034985602,-0.034985602
-0.034985602,-0.034985602
-0.034985602,-0.034985602
-0.034985602,-0.034985602
-0.034985602,-0.034985602
-0.034985602,-0.034985602
-0.034985602,-0.034985602
-0.034985602,-0.034985602
-0.034985602,-0.034985602
-0.034985602,-0.034985602
-0.034985602,-0.034985602
-0.034985602,-0.034985602
-0.034985602,-0.034985602
-0.034985602,-0.034985602
-0.034985602,-0.034985602
-0.034985602,-0.034985602
-0.034985602,-0.034985602
-0.034985602,-0.034985602
-0.034985602,-0.034985602
-0.034985602,-0.034985602
-0.034985602,-0.034985602
-0.034985602,-0.034985602
-0.034985602,-0.034985602
-0.034985602,-0.034985602
-0.034985602,-0.034985602
-0.034985602,-0.034985602
-0.034985602,-0.034985602
-0.034985602,-0.034985602
-0.034985602,-0.034985602
-0.034985602,-0.034985602
-0.034985602,-0.034985602
-0.034985602,-0.034985602
-0.034985602,-0.034985602
-0.034985602,-0.034985602
-0.034985602,-0.034985602
-0.034985602,-0.034985602
-0.034985602,-0.034985602
-0.034985602,-0.034985602
-0.034985602,-0.034985602
-0.034985602,-0.034985602
-0.034985602,-0.034985602
-0.034985602,-0.034985602
-0.034985602,-0.034985602
-0.034985602,-0.034985602
-0.034985602,-0.034985602
-0.034985602,-0.034985602
-0.034985602,-0.034985602
-0.034985602,-0.034985602
-0.034985602,-0.034985602
-0.034985602,-0.034985602
-0.034985602,-0.034985602
-0.034985602,-0.034985602
-0.034985602,-0.034985602
-0.034985602,-0.034985602
-0.034985602,-0.034985602
-0.034985602,-0.034985602
-0.034985602,-0.034985602
-0.034985602,-0.034985602
-0.034985602,-0.034985602
-0.034985602,-0.034985602
-0.034985602,-0.034985602
-0.034985602,-0.034985602
-0.034985602,-0.034985602
-0.034985602,-0.034985602
-0.034985602,-0.034985602
-0.034985602,-0.034985602
-0.034985602,-0.034985602
-0.034985602,-0.034985602
-0.034985602,-0.034985602
-0.034985602,-0.034985602
-0.034985602,-0.034985602
-0.034985602,-0.034985602
-0.034985602,-0.034985602
-0.034985602,-0.034985602
-0.034985602,-0.034985602
-0.034985602,-0.034985602
-0.034985602,-0.034985602
-0.034985602,-0.034985602
-0.034985602,-0.034985602
-0.034985602,-0.034985602
-0.034985602,-0.034985602
-0.034985602,-0.034985602
-0.034985602,-0.034985602
-0.034985602,-0.034985602
-0.034985602,-0.034985602
-0.034985602,-0.034985602
-0.034985602,-0.034985602
-0.034985602,-0.034985602
-0.034985602,-0.034985602
-0.034985602,-0.034985602
-0.034985602,-0.034985602
-0.034985602,-0.034985602
-0.034985602,-0.034985602
-0.034985602,-0.034985602
-0.034985602,-0.034985602
-0.034985602,-0.034985602
-0.034985602,-0.034985602
-0.034985602,-0.034985602
-0.034985602,-0.034985602
-0.034985602,-0.034985602
-0.034985602,-0.034985602
-0.034985602,-0.034985602
-0.034985602,-0.034985602
-0.034985602,-0.034985602
-0.034985602,-0.034985602
-0.034985602,-0.034985602
-0.034985602,-0.034985602
-0.034985602,-0.034985602
-0.034985602,-0.034985602
-0.034985602,-0.034985602
-0.034985602,-0.034985602
-0.034985602,-0.034985602
-0.034985602,-0.034985602
-0.034985602,-0.034985602
-0.034985602,-0.034985602
-0.034985602,-0.034985602
-0.034985602,-0.034985602
-0.034985602,-0.034985602
-0.034985602,-0.034985602
-0.034985602,-0.034985602
-0.034985602,-0.034985602
-0.034985602,-0.034985602
-0.034985602,-0.034985602
-0.034985602,-0.034985602
-0.034985602,-0.034985602
-0.034985602,-0.034985602
-0.034985602,-0.034985602
-0.034985602,-0.034985602
-0.034985602,-0.034985602
-0.034985602,-0.034985602
-0.034985602,-0.034985602
-0.034985602,-0.034985602
-0.034985602,-0.034985602
-0.034985602,-0.034985602
-0.034985602,-0.034985602
-0.034985602,-0.034985602
-0.034985602,-0.034985602
-0.034985602,-0.034985602
-0.034985602,-0.034985602
-0.034985602,-0.034985602
-0.034985602,-0.034985602
-0.034985602,-0.034985602
-0.034985602,-0.034985602
-0.034985602,-0.034985602
-0.034985602,-0.034985602
-0.034985602,-0.034985602
-0.034985602,-0.034985602
-0.034985602,-0.034985602
-0.034985602,-0.034985602
-0.034985602,-0.034985602
-0.034985602,-0.034985602
-0.034985602,-0.034985602
-0.034985602,-0.034985602
-0.034985602,-0.034985602
-0.034985602,-0.034985602
-0.034985602,-0.034985602
-0.034985602,-0.034985602
-0.034985602,-0.034985602
-0.034985602,-0.034985602
-0.034985602,-0.034985602
-0.034985602,-0.034985602
-0.034985602,-0.034985602
-0.034985602,-0.034985602
-0.034985602,-0.034985602
-0.034985602,-0.034985602
-0.034985602,-0.034985602
-0.034985602,-0.034985602
-0.034985602,-0.034985602
-0.034985602,-0.034985602
-0.034985602,-0.034985602
-0.034985602,-0.034985602
-0.034985602,-0.034985602
-0.034985602,-0.034985602
-0.034985602,-0.034985602
-0.034985602,-0.034985602
-0.034985602,-0.034985602
-0.034985602,-0.034985602
-0.034985602,-0.034985602
-0.034985602,-0.034985602
-0.034985602,-0.034985602
-0.034985602,-0.034985602
-0.034985602,-0.034985602
-0.034985602,-0.034985602
-0.034985602,-0.034985602
-0.034985602,-0.034985602
-0.034985602,-0.034985602
-0.034985602,-0.034985602
-0.034985602,-0.034985602
-0.034985602,-0.034985602
-0.034985602,-0.034985602
-0.034985602,-0.034985602
-0.034985602,-0.034985602
-0.034985602,-0.034985602
-0.034985602,-0.034985602
-0.034985602,-0.034985602
-0.034985602,-0.034985602
-0.034985602,-0.034985602
-0.034985602,-0.034985602
-0.034985602,-0.034985602
-0.034985602,-0.034985602
-0.034985602,-0.034985602
-0.034985602,-0.034985602
-0.034985602,-0.034985602
-0.034985602,-0.034985602
-0.034985602,-0.034985602
-0.034985602,-0.034985602
-0.034985602,-0.034985602
-0.034985602,-0.034985602
-0.034985602,-0.034985602
-0.034985602,-0.034985602
-0.034985602,-0.034985602
-0.034985602,-0.034985602
-0.034985602,-0.034985602
-0.034985602,-0.034985602
-0.034985602,-0.034985602
-0.034985602,-0.034985602
-0.034985602,-0.034985602
-0.034985602,-0.034985602
-0.034985602,-0.034985602
-0.034985602,-0.034985602
-0.034985602,-0.034985602
-0.034985602,-0.034985602
-0.034985602,-0.034985602
-0.034985602,-0.034985602
-0.034985602,-0.034985602
-0.034985602,-0.034985602
-0.034985602,-0.034985602
-0.034985602,-0.034985602
-0.034985602,-0.034985602
-0.034985602,-0.034985602
-0.034985602,-0.034985602
-0.034985602,-0.034985602
-0.034985602,-0.034985602
-0.034985602,-0.034985602
-0.034985602,-0.034985602
-0.034985602,-0.034985602
-0.034985602,-0.034985602
-0.034985602,-0.034985602
-0.034985602,-0.034985602
-0.034985602,-0.034985602
-0.034985602,-0.034985602
-0.034985602,-0.034985602
-0.034985602,-0.034985602
-0.034985602,-0.034985602
-0.034985602,-0.034985602
-0.034985602,-0.034985602
-0.034985602,-0.034985602
-0.034985602,-0.034985602
-0.034985602,-0.034985602
-0.034985602,-0.034985602
-0.034985602,-0.034985602
-0.034985602,-0.034985602
-0.034985602,-0.034985602
-0.034985602,-0.034985602
-0.034985602,-0.034985602
-0.034985602,-0.034985602
-0.034985602,-0.034985602
-0.034985602,-0.034985602
-0.034985602,-0.034985602
-0.034985602,-0.034985602
-0.034985602,-0.034985602
-0.034985602,-0.034985602
-0.034985602,-0.034985602
-0.034985602,-0.034985602
-0.034985602,-0.034985602
-0.034985602,-0.034985602
-0.034985602,-0.034985602
-0.034985602,-0.034985602
-0.034985602,-0.034985602
-0.034985602,-0.034985602
-0.034985602,-0.034985602
-0.034985602,-0.034985602
-0.034985602,-0.034985602
-0.034985602,-0.034985602
-0.034985602,-0.034985602
-0.034985602,-0.034985602
-0.034985602,-0.034985602
-0.034985602,-0.034985602
-0.034985602,-0.034985602
-0.034985602,-0.034985602
-0.034985602,-0.034985602
-0.034985602,-0.034985602
-0.034985602,-0.034985602
-0.034985602,-0.034985602
-0.034985602,-0.034985602
-0.034985602,-0.034985602
-0.034985602,-0.034985602
-0.034985602,-0.034985602
-0.034985602,-0.034985602
-0.034985602,-0.034985602
-0.034985602,-0.034985602
-0.034985602,-0.034985602
-0.034985602,-0.034985602
-0.034985602,-0.034985602
-0.034985602,-0.034985602
-0.034985602,-0.034985602
-0.034985602,-0.034985602
-0.034985602,-0.034985602
-0.034985602,-0.034985602
-0.034985602,-0.034985602
-0.034985602,-0.034985602
-0.034985602,-0.034985602
-0.034985602,-0.034985602
-0.034985602,-0.034985602
-0.034985602,-0.034985602
-0.034985602,-0.034985602
-0.034985602,-0.034985602
-0.034985602,-0.034985602
-0.034985602,-0.034985602
-0.034985602,-0.034985602
-0.034985602,-0.034985602
-0.034985602,-0.034985602
-0.034985602,-0.034985602
-0.034985602,-0.034985602
-0.034985602,-0.034985602
-0.034985602,-0.034985602
-0.034985602,-0.034985602
-0.034985602,-0.034985602
-0.034985602,-0.034985602
-0.034985602,-0.034985602
-0.034985602,-0.034985602
-0.034985602,-0.034985602
-0.034985602,-0.034985602
-0.034985602,-0.034985602
-0.034985602,-0.034985602
-0.034985602,-0.034985602
-0.034985602,-0.034985602
-0.034985602,-0.034985602
-0.034985602,-0.034985602
-0.034985602,-0.034985602
-0.034985602,-0.034985602
-0.034985602,-0.034985602
-0.034985602,-0.034985602
-0.034985602,-0.034985602
-0.034985602,-0.034985602
-0.034985602,-0.034985602
-0.034985602,-0.034985602
-0.034985602,-0.034985602
-0.034985602,-0.034985602
-0.034985602,-0.034985602
-0.034985602,-0.034985602
-0.034985602,-0.034985602
-0.034985602,-0.034985602
-0.034985602,-0.034985602
-0.034985602,-0.034985602
-0.034985602,-0.034985602
-0.034985602,-0.034985602
-0.034985602,-0.034985602
-0.034985602,-0.034985602
-0.034985602,-0.034985602
-0.034985602,-0.034985602
-0.034985602,-0.034985602
-0.034985602,-0.034985602
-0.034985602,-0.034985602
-0.034985602,-0.034985602
-0.034985602,-0.034985602
-0.034985602,-0.034985602
-0.034985602,-0.034985602
-0.034985602,-0.034985602
-0.034985602,-0.034985602
-0.034985602,-0.034985602
-0.034985602,-0.034985602
-0.034985602,-0.034985602
-0.034985602,-0.034985602
-0.034985602,-0.034985602
-0.034985602,-0.034985602
-0.034985602,-0.034985602
-0.034985602,-0.034985602
-0.034985602,-0.034985602
-0.034985602,-0.034985602
-0.034985602,-0.034985602
-0.034985602,-0.034985602
-0.034985602,-0.034985602
-0.034985602,-0.034985602
-0.034985602,-0.034985602
-0.034985602,-0.034985602
-0.034985602,-0.034985602
-0.034985602,-0.034985602
-0.034985602,-0.034985602
-0.034985602,-0.034985602
-0.034985602,-0.034985602
-0.034985602,-0.034985602
-0.034985602,-0.034985602
-0.034985602,-0.034985602
-0.034985602,-0.034985602
-0.034985602,-0.034985602
-0.034985602,-0.034985602
-0.034985602,-0.034985602
-0.034985602,-0.034985602
-0.034985602,-0.034985602
-0.034985602,-0.034985602
-0.034985602,-0.034985602
-0.034985602,-0.034985602
-0.034985602,-0.034985602
-0.034985602,-0.034985602
-0.034985602,-0.034985602
-0.034985602,-0.034985602
-0.034985602,-0.034985602
-0.034985602,-0.034985602
-0.034985602,-0.034985602
-0.034985602,-0.034985602
-0.034985602,-0.034985602
-0.034985602,-0.034985602
-0.034985602,-0.034985602
-0.034985602,-0.034985602
-0.034985602,-0.034985602
-0.034985602,-0.034985602
-0.034985602,-0.034985602
-0.034985602,-0.034985602
-0.034985602,-0.034985602
-0.034985602,-0.034985602
-0.034985602,-0.034985602
-0.034985602,-0.034985602
-0.034985602,-0.034985602
-0.034985602,-0.034985602
-0.034985602,-0.034985602
-0.034985602,-0.034985602
-0.034985602,-0.034985602
-0.034985602,-0.034985602
-0.034985602,-0.034985602
-0.034985602,-0.034985602
-0.034985602,-0.034985602
-0.034985602,-0.034985602
-0.034985602,-0.034985602
-0.034985602,-0.034985602
-0.034985602,-0.034985602
-0.034985602,-0.034985602
-0.034985602,-0.034985602
-0.034985602,-0.034985602
-0.034985602,-0.034985602
-0.034985602,-0.034985602
-0.034985602,-0.034985602
-0.034985602,-0.034985602
-0.034985602,-0.034985602
-0.034985602,-0.034985602
-0.034985602,-0.034985602
-0.034985602,-0.034985602
-0.034985602,-0.034985602
-0.034985602,-0.034985602
-0.034985602,-0.034985602
-0.034985602,-0.034985602
-0.034985602,-0.034985602
-0.034985602,-0.034985602
-0.034985602,-0.034985602
-0.034985602,-0.034985602
-0.034985602,-0.034985602
-0.034985602,-0.034985602
-0.034985602,-0.034985602
-0.034985602,-0.034985602
-0.034985602,-0.034985602
-0.034985602,-0.034985602
-0.034985602,-0.034985602
-0.034985602,-0.034985602
-0.034985602,-0.034985602
-0.034985602,-0.034985602
-0.034985602,-0.034985602
-0.034985602,-0.034985602
-0.034985602,-0.034985602
-0.034985602,-0.034985602
-0.034985602,-0.034985602
-0.034985602,-0.034985602
-0.034985602,-0.034985602
-0.034985602,-0.034985602
-0.034985602,-0.034985602
-0.034985602,-0.034985602
-0.034985602,-0.034985602
-0.034985602,-0.034985602
-0.034985602,-0.034985602
-0.034985602,-0.034985602
-0.034985602,-0.034985602
-0.034985602,-0.034985602
-0.034985602,-0.034985602
-0.034985602,-0.034985602
-0.034985602,-0.034985602
-0.034985602,-0.034985602
-0.034985602,-0.034985602
-0.034985602,-0.034985602
-0.034985602,-0.034985602
-0.034985602,-0.034985602
-0.034985602,-0.034985602
-0.034985602,-0.034985602
-0.034985602,-0.034985602
-0.034985602,-0.034985602
-0.034985602,-0.034985602
-0.034985602,-0.034985602
-0.034985602,-0.034985602
-0.034985602,-0.034985602
-0.034985602,-0.034985602
-0.034985602,-0.034985602
-0.034985602,-0.034985602
-0.034985602,-0.034985602
-0.034985602,-0.034985602
-0.034985602,-0.034985602
-0.034985602,-0.034985602
-0.034985602,-0.034985602
-0.034985602,-0.034985602
-0.034985602,-0.034985602
-0.034985602,-0.034985602
-0.034985602,-0.034985602
-0.034985602,-0.034985602
-0.034985602,-0.034985602
-0.034985602,-0.034985602
-0.034985602,-0.034985602
-0.034985602,-0.034985602
-0.034985602,-0.034985602
-0.034985602,-0.034985602
-0.034985602,-0.034985602
-0.034985602,-0.034985602
-0.034985602,-0.034985602
-0.034985602,-0.034985602
-0.034985602,-0.034985602
-0.034985602,-0.034985602
-0.034985602,-0.034985602
-0.034985602,-0.034985602
-0.034985602,-0.034985602
-0.034985602,-0.034985602
-0.034985602,-0.034985602
-0.034985602,-0.034985602
-0.034985602,-0.034985602
-0.034985602,-0.034985602
-0.034985602,-0.034985602
-0.034985602,-0.034985602
-0.034985602,-0.034985602
-0.034985602,-0.034985602
-0.034985602,-0.034985602
-0.034985602,-0.034985602
-0.034985602,-0.034985602
-0.034985602,-0.034985602
-0.034985602,-0.034985602
-0.034985602,-0.034985602
-0.034985602,-0.034985602
-0.034985602,-0.034985602
-0.034985602,-0.034985602
-0.034985602,-0.034985602
-0.034985602,-0.034985602
-0.034985602,-0.034985602
-0.034985602,-0.034985602
-0.034985602,-0.034985602
-0.034985602,-0.034985602
-0.034985602,-0.034985602
-0.034985602,-0.034985602
-0.034985602,-0.034985602
-0.034985602,-0.034985602
-0.034985602,-0.034985602
-0.034985602,-0.034985602
-0.034985602,-0.034985602
-0.034985602,-0.034985602
-0.034985602,-0.034985602
-0.034985602,-0.034985602
-0.034985602,-0.034985602
-0.034985602,-0.034985602
-0.034985602,-0.034985602
-0.034985602,-0.034985602
-0.034985602,-0.034985602
-0.034985602,-0.034985602
-0.034985602,-0.034985602
-0.034985602,-0.034985602
-0.034985602,-0.034985602
-0.034985602,-0.034985602
-0.034985602,-0.034985602
-0.034985602,-0.034985602
-0.034985602,-0.034985602
-0.034985602,-0.034985602
-0.034985602,-0.034985602
-0.034985602,-0.034985602
-0.034985602,-0.034985602
-0.034985602,-0.034985602
-0.034985602,-0.034985602
-0.034985602,-0.034985602
-0.034985602,-0.034985602
-0.034985602,-0.034985602
-0.034985602,-0.034985602
-0.034985602,-0.034985602
-0.034985602,-0.034985602
-0.034985602,-0.034985602
-0.034985602,-0.034985602
-0.034985602,-0.034985602
-0.034985602,-0.034985602
-0.034985602,-0.034985602
-0.034985602,-0.034985602
-0.034985602,-0.034985602
-0.034985602,-0.034985602
-0.034985602,-0.034985602
-0.034985602,-0.034985602
-0.034985602,-0.034985602
-0.034985602,-0.034985602
-0.034985602,-0.034985602
-0.034985602,-0.034985602
-0.034985602,-0.034985602
-0.034985602,-0.034985602
-0.034985602,-0.034985602
-0.034985602,-0.034985602
-0.034985602,-0.034985602
-0.034985602,-0.034985602
-0.034985602,-0.034985602
-0.034985602,-0.034985602
-0.034985602,-0.034985602
-0.034985602,-0.034985602
-0.034985602,-0.034985602
-0.034985602,-0.034985602
-0.034985602,-0.034985602
-0.034985602,-0.034985602
-0.034985602,-0.034985602
-0.034985602,-0.034985602
-0.034985602,-0.034985602
-0.034985602,-0.034985602
-0.034985602,-0.034985602
-0.034985602,-0.034985602
-0.034985602,-0.034985602
-0.034985602,-0.034985602
-0.034985602,-0.034985602
-0.034985602,-0.034985602
-0.034985602,-0.034985602
-0.034985602,-0.034985602
-0.034985602,-0.034985602
-0.034985602,-0.034985602
-0.034985602,-0.034985602
-0.034985602,-0.034985602
-0.034985602,-0.034985602
-0.034985602,-0.034985602
-0.034985602,-0.034985602
-0.034985602,-0.034985602
-0.034985602,-0.034985602
-0.034985602,-0.034985602
-0.034985602,-0.034985602
-0.034985602,-0.034985602
-0.034985602,-0.034985602
-0.034985602,-0.034985602
-0.034985602,-0.034985602
-0.034985602,-0.034985602
-0.034985602,-0.034985602
-0.034985602,-0.034985602
-0.034985602,-0.034985602
-0.034985602,-0.034985602
-0.034985602,-0.034985602
-0.034985602,-0.034985602
-0.034985602,-0.034985602
-0.034985602,-0.034985602
-0.034985602,-0.034985602
-0.034985602,-0.034985602
-0.034985602,-0.034985602
-0.034985602,-0.034985602
-0.034985602,-0.034985602
-0.034985602,-0.034985602
-0.034985602,-0.034985602
-0.034985602,-0.034985602
-0.034985602,-0.034985602
-0.034985602,-0.034985602
-0.034985602,-0.034985602
-0.034985602,-0.034985602
-0.034985602,-0.034985602
-0.034985602,-0.034985602
-0.034985602,-0.034985602
-0.034985602,-0.034985602
-0.034985602,-0.034985602
-0.034985602,-0.034985602
-0.034985602,-0.034985602
-0.034985602,-0.034985602
-0.034985602,-0.034985602
-0.034985602,-0.034985602
-0.034985602,-0.034985602
-0.034985602,-0.034985602
-0.034985602,-0.034985602
-0.034985602,-0.034985602
-0.034985602,-0.034985602
-0.034985602,-0.034985602
-0.034985602,-0.034985602
-0.034985602,-0.034985602
-0.034985602,-0.034985602
-0.034985602,-0.034985602
-0.034985602,-0.034985602
-0.034985602,-0.034985602
-0.034985602,-0.034985602
-0.034985602,-0.034985602
-0.034985602,-0.034985602
-0.034985602,-0.034985602
-0.034985602,-0.034985602
-0.034985602,-0.034985602
-0.034985602,-0.034985602
-0.034985602,-0.034985602
-0.034985602,-0.034985602
-0.034985602,-0.034985602
-0.034985602,-0.034985602
-0.034985602,-0.034985602
-0.034985602,-0.034985602
-0.034985602,-0.034985602
-0.034985602,-0.034985602
-0.034985602,-0.034985602
-0.034985602,-0.034985602
-0.034985602,-0.034985602
-0.034985602,-0.034985602
-0.034985602,-0.034985602
-0.034985602,-0.034985602
-0.034985602,-0.034985602
-0.034985602,-0.034985602
-0.034985602,-0.034985602
-0.034985602,-0.034985602
-0.034985602,-0.034985602
-0.034985602,-0.034985602
-0.034985602,-0.034985602
-0.034985602,-0.034985602
-0.034985602,-0.034985602
-0.034985602,-0.034985602
-0.034985602,-0.034985602
-0.034985602,-0.034985602
-0.034985602,-0.034985602
-0.034985602,-0.034985602
-0.034985602,-0.034985602
-0.034985602,-0.034985602
-0.034985602,-0.034985602
-0.034985602,-0.034985602
-0.034985602,-0.034985602
-0.034985602,-0.034985602
-0.034985602,-0.034985602
-0.034985602,-0.034985602
-0.034985602,-0.034985602
-0.034985602,-0.034985602
-0.034985602,-0.034985602
-0.034985602,-0.034985602
-0.034985602,-0.034985602
-0.034985602,-0.034985602
-0.034985602,-0.034985602
-0.034985602,-0.034985602
-0.034985602,-0.034985602
-0.034985602,-0.034985602
-0.034985602,-0.034985602
-0.034985602,-0.034985602
-0.034985602,-0.034985602
-0.034985602,-0.034985602
-0.034985602,-0.034985602
-0.034985602,-0.034985602
-0.034985602,-0.034985602
-0.034985602,-0.034985602
-0.034985602,-0.034985602
-0.034985602,-0.034985602
-0.034985602,-0.034985602
-0.034985602,-0.034985602
-0.034985602,-0.034985602
-0.034985602,-0.034985602
-0.034985602,-0.034985602
-0.034985602,-0.034985602
-0.034985602,-0.034985602
-0.034985602,-0.034985602
-0.034985602,-0.034985602
-0.034985602,-0.034985602
-0.034985602,-0.034985602
-0.034985602,-0.034985602
-0.034985602,-0.034985602
-0.034985602,-0.034985602
-0.034985602,-0.034985602
-0.034985602,-0.034985602
-0.034985602,-0.034985602
-0.034985602,-0.034985602
-0.034985602,-0.034985602
-0.034985602,-0.034985602
-0.034985602,-0.034985602
-0.034985602,-0.034985602
-0.034985602,-0.034985602
-0.034985602,-0.034985602
-0.034985602,-0.034985602
-0.034985602,-0.034985602
-0.034985602,-0.034985602
-0.034985602,-0.034985602
-0.034985602,-0.034985602
-0.034985602,-0.034985602
-0.034985602,-0.034985602
-0.034985602,-0.034985602
-0.034985602,-0.034985602
-0.034985602,-0.034985602
-0.034985602,-0.034985602
-0.034985602,-0.034985602
-0.034985602,-0.034985602
-0.034985602,-0.034985602
-0.034985602,-0.034985602
-0.034985602,-0.034985602
-0.034985602,-0.034985602
-0.034985602,-0.034985602
-0.034985602,-0.034985602
-0.034985602,-0.034985602
-0.034985602,-0.034985602
-0.034985602,-0.034985602
-0.034985602,-0.034985602
-0.034985602,-0.034985602
-0.034985602,-0.034985602
-0.034985602,-0.034985602
-0.034985602,-0.034985602
-0.034985602,-0.034985602
-0.034985602,-0.034985602
-0.034985602,-0.034985602
-0.034985602,-0.034985602
-0.034985602,-0.034985602
-0.034985602,-0.034985602
-0.034985602,-0.034985602
-0.034985602,-0.034985602
-0.034985602,-0.034985602
-0.034985602,-0.034985602
-0.034985602,-0.034985602
-0.034985602,-0.034985602
-0.034985602,-0.034985602
-0.034985602,-0.034985602
-0.034985602,-0.034985602
-0.034985602,-0.034985602
-0.034985602,-0.034985602
-0.034985602,-0.034985602
-0.034985602,-0.034985602
-0.034985602,-0.034985602
-0.034985602,-0.034985602
-0.034985602,-0.034985602
-0.034985602,-0.034985602
-0.034985602,-0.034985602
-0.034985602,-0.034985602
-0.034985602,-0.034985602
-0.034985602,-0.034985602
-0.034985602,-0.034985602
-0.034985602,-0.034985602
-0.034985602,-0.034985602
-0.034985602,-0.034985602
-0.034985602,-0.034985602
-0.034985602,-0.034985602
-0.034985602,-0.034985602
-0.034985602,-0.034985602
-0.034985602,-0.034985602
-0.034985602,-0.034985602
-0.034985602,-0.034985602
-0.034985602,-0.034985602
-0.034985602,-0.034985602
-0.034985602,-0.034985602
-0.034985602,-0.034985602
-0.034985602,-0.034985602
-0.034985602,-0.034985602
-0.034985602,-0.034985602
-0.034985602,-0.034985602
-0.034985602,-0.034985602
-0.034985602,-0.034985602
-0.034985602,-0.034985602
-0.034985602,-0.034985602
-0.034985602,-0.034985602
-0.034985602,-0.034985602
-0.034985602,-0.034985602
-0.034985602,-0.034985602
-0.034985602,-0.034985602
-0.034985602,-0.034985602
-0.034985602,-0.034985602
-0.034985602,-0.034985602
-0.034985602,-0.034985602
-0.034985602,-0.034985602
-0.034985602,-0.034985602
-0.034985602,-0.034985602
-0.034985602,-0.034985602
-0.034985602,-0.034985602
-0.034985602,-0.034985602
-0.034985602,-0.034985602
-0.034985602,-0.034985602
-0.034985602,-0.034985602
-0.034985602,-0.034985602
-0.034985602,-0.034985602
-0.034985602,-0.034985602
-0.034985602,-0.034985602
-0.034985602,-0.034985602
-0.034985602,-0.034985602
-0.034985602,-0.034985602
-0.034985602,-0.034985602
-0.034985602,-0.034985602
-0.034985602,-0.034985602
-0.034985602,-0.034985602
-0.034985602,-0.034985602
-0.034985602,-0.034985602
-0.034985602,-0.034985602
-0.034985602,-0.034985602
-0.034985602,-0.034985602
-0.034985602,-0.034985602
-0.034985602,-0.034985602
-0.034985602,-0.034985602
-0.034985602,-0.034985602
-0.034985602,-0.034985602
-0.034985602,-0.034985602
-0.034985602,-0.034985602
-0.034985602,-0.034985602
-0.034985602,-0.034985602
-0.034985602,-0.034985602
-0.034985602,-0.034985602
-0.034985602,-0.034985602
-0.034985602,-0.034985602
-0.034985602,-0.034985602
-0.034985602,-0.034985602
-0.034985602,-0.034985602
-0.034985602,-0.034985602
-0.034985602,-0.034985602
-0.034985602,-0.034985602
-0.034985602,-0.034985602
-0.034985602,-0.034985602
-0.034985602,-0.034985602
-0.034985602,-0.034985602
-0.034985602,-0.034985602
-0.034985602,-0.034985602
-0.034985602,-0.034985602
-0.034985602,-0.034985602
-0.034985602,-0.034985602
-0.034985602,-0.034985602
-0.034985602,-0.034985602
-0.034985602,-0.034985602
-0.034985602,-0.034985602
-0.034985602,-0.034985602
-0.034985602,-0.034985602
-0.034985602,-0.034985602
-0.034985602,-0.034985602
-0.034985602,-0.034985602
-0.034985602,-0.034985602
-0.034985602,-0.034985602
-0.034985602,-0.034985602
-0.034985602,-0.034985602
-0.034985602,-0.034985602
-0.034985602,-0.034985602
-0.034985602,-0.034985602
-0.034985602,-0.034985602
-0.034985602,-0.034985602
-0.034985602,-0.034985602
-0.034985602,-0.034985602
-0.034985602,-0.034985602
-0.034985602,-0.034985602
-0.034985602,-0.034985602
-0.034985602,-0.034985602
-0.034985602,-0.034985602
-0.034985602,-0.034985602
-0.034985602,-0.034985602
-0.034985602,-0.034985602
-0.034985602,-0.034985602
-0.034985602,-0.034985602
-0.034985602,-0.034985602
-0.034985602,-0.034985602
-0.034985602,-0.034985602
-0.034985602,-0.034985602
-0.034985602,-0.034985602
-0.034985602,-0.034985602
-0.034985602,-0.034985602
-0.034985602,-0.034985602
-0.034985602,-0.034985602
-0.034985602,-0.034985602
-0.034985602,-0.034985602
-0.034985602,-0.034985602
-0.034985602,-0.034985602
-0.034985602,-0.034985602
-0.034985602,-0.034985602
-0.034985602,-0.034985602
-0.034985602,-0.034985602
-0.034985602,-0.034985602
-0.034985602,-0.034985602
-0.034985602,-0.034985602
-0.034985602,-0.034985602
-0.034985602,-0.034985602
-0.034985602,-0.034985602
-0.034985602,-0.034985602
-0.034985602,-0.034985602
-0.034985602,-0.034985602
-0.034985602,-0.034985602
-0.034985602,-0.034985602
-0.034985602,-0.034985602
-0.034985602,-0.034985602
-0.034985602,-0.034985602
-0.034985602,-0.034985602
-0.034985602,-0.034985602
-0.034985602,-0.034985602
-0.034985602,-0.034985602
-0.034985602,-0.034985602
-0.034985602,-0.034985602
-0.034985602,-0.034985602
-0.034985602,-0.034985602
-0.034985602,-0.034985602
-0.034985602,-0.034985602
-0.034985602,-0.034985602
-0.034985602,-0.034985602
-0.034985602,-0.034985602
-0.034985602,-0.034985602
-0.034985602,-0.034985602
-0.034985602,-0.034985602
-0.034985602,-0.034985602
-0.034985602,-0.034985602
-0.034985602,-0.034985602
-0.034985602,-0.034985602
-0.034985602,-0.034985602
-0.034985602,-0.034985602
-0.034985602,-0.034985602
-0.034985602,-0.034985602
-0.034985602,-0.034985602
-0.034985602,-0.034985602
-0.034985602,-0.034985602
-0.034985602,-0.034985602
-0.034985602,-0.034985602
-0.034985602,-0.034985602
-0.034985602,-0.034985602
-0.034985602,-0.034985602
-0.034985602,-0.034985602
-0.034985602,-0.034985602
-0.034985602,-0.034985602
-0.034985602,-0.034985602
-0.034985602,-0.034985602
-0.034985602,-0.034985602
-0.034985602,-0.034985602
-0.034985602,-0.034985602
-0.034985602,-0.034985602
-0.034985602,-0.034985602
-0.034985602,-0.034985602
-0.034985602,-0.034985602
-0.034985602,-0.034985602
-0.034985602,-0.034985602
-0.034985602,-0.034985602
-0.034985602,-0.034985602
-0.034985602,-0.034985602
-0.034985602,-0.034985602
-0.034985602,-0.034985602
-0.034985602,-0.034985602
-0.034985602,-0.034985602
-0.034985602,-0.034985602
-0.034985602,-0.034985602
-0.034985602,-0.034985602
-0.034985602,-0.034985602
-0.034985602,-0.034985602
-0.034985602,-0.034985602
-0.034985602,-0.034985602
-0.034985602,-0.034985602
-0.034985602,-0.034985602
-0.034985602,-0.034985602
-0.034985602,-0.034985602
-0.034985602,-0.034985602
-0.034985602,-0.034985602
-0.034985602,-0.034985602
-0.034985602,-0.034985602
-0.034985602,-0.034985602
-0.034985602,-0.034985602
-0.034985602,-0.034985602
-0.034985602,-0.034985602
-0.034985602,-0.034985602
-0.034985602,-0.034985602
-0.034985602,-0.034985602
-0.034985602,-0.034985602
-0.034985602,-0.034985602
-0.034985602,-0.034985602
-0.034985602,-0.034985602
-0.034985602,-0.034985602
-0.034985602,-0.034985602
-0.034985602,-0.034985602
-0.034985602,-0.034985602
-0.034985602,-0.034985602
-0.034985602,-0.034985602
-0.034985602,-0.034985602
-0.034985602,-0.034985602
-0.034985602,-0.034985602
-0.034985602,-0.034985602
-0.034985602,-0.034985602
-0.034985602,-0.034985602
-0.034985602,-0.034985602
-0.034985602,-0.034985602
-0.034985602,-0.034985602
-0.034985602,-0.034985602
-0.034985602,-0.034985602
-0.034985602,-0.034985602
-0.034985602,-0.034985602
-0.034985602,-0.034985602
-0.034985602,-0.034985602
-0.034985602,-0.034985602
-0.034985602,-0.034985602
-0.034985602,-0.034985602
-0.034985602,-0.034985602
-0.034985602,-0.034985602
-0.034985602,-0.034985602
-0.034985602,-0.034985602
-0.034985602,-0.034985602
-0.034985602,-0.034985602
-0.034985602,-0.034985602
-0.034985602,-0.034985602
-0.034985602,-0.034985602
-0.034985602,-0.034985602
-0.034985602,-0.034985602
-0.034985602,-0.034985602
-0.034985602,-0.034985602
-0.034985602,-0.034985602
-0.034985602,-0.034985602
-0.034985602,-0.034985602
-0.034985602,-0.034985602
-0.034985602,-0.034985602
-0.034985602,-0.034985602
-0.034985602,-0.034985602
-0.034985602,-0.034985602
-0.034985602,-0.034985602
-0.034985602,-0.034985602
-0.034985602,-0.034985602
-0.034985602,-0.034985602
-0.034985602,-0.034985602
-0.034985602,-0.034985602
-0.034985602,-0.034985602
-0.034985602,-0.034985602
-0.034985602,-0.034985602
-0.034985602,-0.034985602
-0.034985602,-0.034985602
-0.034985602,-0.034985602
-0.034985602,-0.034985602
-0.034985602,-0.034985602
-0.034985602,-0.034985602
-0.034985602,-0.034985602
-0.034985602,-0.034985602
-0.034985602,-0.034985602
-0.034985602,-0.034985602
-0.034985602,-0.034985602
-0.034985602,-0.034985602
-0.034985602,-0.034985602
-0.034985602,-0.034985602
-0.034985602,-0.034985602
-0.034985602,-0.034985602
-0.034985602,-0.034985602
-0.034985602,-0.034985602
-0.034985602,-0.034985602
-0.034985602,-0.034985602
-0.034985602,-0.034985602
-0.034985602,-0.034985602
-0.034985602,-0.034985602
-0.034985602,-0.034985602
-0.034985602,-0.034985602
-0.034985602,-0.034985602
-0.034985602,-0.034985602
-0.034985602,-0.034985602
-0.034985602,-0.034985602
-0.034985602,-0.034985602
-0.034985602,-0.034985602
-0.034985602,-0.034985602
-0.034985602,-0.034985602
-0.034985602,-0.034985602
-0.034985602,-0.034985602
-0.034985602,-0.034985602
-0.034985602,-0.034985602
-0.034985602,-0.034985602
-0.034985602,-0.034985602
-0.034985602,-0.034985602
-0.034985602,-0.034985602
-0.034985602,-0.034985602
-0.034985602,-0.034985602
-0.034985602,-0.034985602
-0.034985602,-0.034985602
-0.034985602,-0.034985602
-0.034985602,-0.034985602
-0.034985602,-0.034985602
-0.034985602,-0.034985602
-0.034985602,-0.034985602
-0.034985602,-0.034985602
-0.034985602,-0.034985602
-0.034985602,-0.034985602
-0.034985602,-0.034985602
-0.034985602,-0.034985602
-0.034985602,-0.034985602
-0.034985602,-0.034985602
-0.034985602,-0.034985602
-0.034985602,-0.034985602
-0.034985602,-0.034985602
-0.034985602,-0.034985602
-0.034985602,-0.034985602
-0.034985602,-0.034985602
-0.034985602,-0.034985602
-0.034985602,-0.034985602
-0.034985602,-0.034985602
-0.034985602,-0.034985602
-0.034985602,-0.034985602
-0.034985602,-0.034985602
-0.034985602,-0.034985602
-0.034985602,-0.034985602
-0.034985602,-0.034985602
-0.034985602,-0.034985602
-0.034985602,-0.034985602
-0.034985602,-0.034985602
-0.034985602,-0.034985602
-0.034985602,-0.034985602
-0.034985602,-0.034985602
-0.034985602,-0.034985602
-0.034985602,-0.034985602
-0.034985602,-0.034985602
-0.034985602,-0.034985602
-0.034985602,-0.034985602
-0.034985602,-0.034985602
-0.034985602,-0.034985602
-0.034985602,-0.034985602
-0.034985602,-0.034985602
-0.034985602,-0.034985602
-0.034985602,-0.034985602
-0.034985602,-0.034985602
-0.034985602,-0.034985602
-0.034985602,-0.034985602
-0.034985602,-0.034985602
-0.034985602,-0.034985602
-0.034985602,-0.034985602
-0.034985602,-0.034985602
-0.034985602,-0.034985602
-0.034985602,-0.034985602
-0.034985602,-0.034985602
-0.034985602,-0.034985602
-0.034985602,-0.034985602
-0.034985602,-0.034985602
-0.034985602,-0.034985602
-0.034985602,-0.034985602
-0.034985602,-0.034985602
-0.034985602,-0.034985602
-0.034985602,-0.034985602
-0.034985602,-0.034985602
-0.034985602,-0.034985602
-0.034985602,-0.034985602
-0.034985602,-0.034985602
-0.034985602,-0.034985602
-0.034985602,-0.034985602
-0.034985602,-0.034985602
-0.034985602,-0.034985602
-0.034985602,-0.034985602
-0.034985602,-0.034985602
-0.034985602,-0.034985602
-0.034985602,-0.034985602
-0.034985602,-0.034985602
-0.034985602,-0.034985602
-0.034985602,-0.034985602
-0.034985602,-0.034985602
-0.034985602,-0.034985602
-0.034985602,-0.034985602
-0.034985602,-0.034985602
-0.034985602,-0.034985602
-0.034985602,-0.034985602
-0.034985602,-0.034985602
-0.034985602,-0.034985602
-0.034985602,-0.034985602
-0.034985602,-0.034985602
-0.034985602,-0.034985602
-0.034985602,-0.034985602
-0.034985602,-0.034985602
-0.034985602,-0.034985602
-0.034985602,-0.034985602
-0.034985602,-0.034985602
-0.034985602,-0.034985602
-0.034985602,-0.034985602
-0.034985602,-0.034985602
-0.034985602,-0.034985602
-0.034985602,-0.034985602
-0.034985602,-0.034985602
-0.034985602,-0.034985602
-0.034985602,-0.034985602
-0.034985602,-0.034985602
-0.034985602,-0.034985602
-0.034985602,-0.034985602
-0.034985602,-0.034985602
-0.034985602,-0.034985602
-0.034985602,-0.034985602
-0.034985602,-0.034985602
-0.034985602,-0.034985602
-0.034985602,-0.034985602
-0.034985602,-0.034985602
-0.034985602,-0.034985602
-0.034985602,-0.034985602
-0.034985602,-0.034985602
-0.034985602,-0.034985602
-0.034985602,-0.034985602
-0.034985602,-0.034985602
-0.034985602,-0.034985602
-0.034985602,-0.034985602
-0.034985602,-0.034985602
-0.034985602,-0.034985602
-0.034985602,-0.034985602
-0.034985602,-0.034985602
-0.034985602,-0.034985602
-0.034985602,-0.034985602
-0.034985602,-0.034985602
-0.034985602,-0.034985602
-0.034985602,-0.034985602
-0.034985602,-0.034985602
-0.034985602,-0.034985602
-0.034985602,-0.034985602
-0.034985602,-0.034985602
-0.034985602,-0.034985602
-0.034985602,-0.034985602
-0.034985602,-0.034985602
-0.034985602,-0.034985602
-0.034985602,-0.034985602
-0.034985602,-0.034985602
-0.034985602,-0.034985602
-0.034985602,-0.034985602
-0.034985602,-0.034985602
-0.034985602,-0.034985602
-0.034985602,-0.034985602
-0.034985602,-0.034985602
-0.034985602,-0.034985602
-0.034985602,-0.034985602
-0.034985602,-0.034985602
-0.034985602,-0.034985602
-0.034985602,-0.034985602
-0.034985602,-0.034985602
-0.034985602,-0.034985602
-0.034985602,-0.034985602
-0.034985602,-0.034985602
-0.034985602,-0.034985602
-0.034985602,-0.034985602
-0.034985602,-0.034985602
-0.034985602,-0.034985602
-0.034985602,-0.034985602
-0.034985602,-0.034985602
-0.034985602,-0.034985602
-0.034985602,-0.034985602
-0.034985602,-0.034985602
-0.034985602,-0.034985602
-0.034985602,-0.034985602
-0.034985602,-0.034985602
-0.034985602,-0.034985602
-0.034985602,-0.034985602
-0.034985602,-0.034985602
-0.034985602,-0.034985602
-0.034985602,-0.034985602
-0.034985602,-0.034985602
-0.034985602,-0.034985602
-0.034985602,-0.034985602
-0.034985602,-0.034985602
-0.034985602,-0.034985602
-0.034985602,-0.034985602
-0.034985602,-0.034985602
-0.034985602,-0.034985602
-0.034985602,-0.034985602
-0.034985602,-0.034985602
-0.034985602,-0.034985602
-0.034985602,-0.034985602
-0.034985602,-0.034985602
-0.034985602,-0.034985602
-0.034985602,-0.034985602
-0.034985602,-0.034985602
-0.034985602,-0.034985602
-0.034985602,-0.034985602
-0.034985602,-0.034985602
-0.034985602,-0.034985602
-0.034985602,-0.034985602
-0.034985602,-0.034985602
-0.034985602,-0.034985602
-0.034985602,-0.034985602
-0.034985602,-0.034985602
-0.034985602,-0.034985602
-0.034985602,-0.034985602
-0.034985602,-0.034985602
-0.034985602,-0.034985602
-0.034985602,-0.034985602
-0.034985602,-0.034985602
-0.034985602,-0.034985602
-0.034985602,-0.034985602
-0.034985602,-0.034985602
-0.034985602,-0.034985602
-0.034985602,-0.034985602
-0.034985602,-0.034985602
-0.034985602,-0.034985602
-0.034985602,-0.034985602
-0.034985602,-0.034985602
-0.034985602,-0.034985602
-0.034985602,-0.034985602
-0.034985602,-0.034985602
-0.034985602,-0.034985602
-0.034985602,-0.034985602
-0.034985602,-0.034985602
-0.034985602,-0.034985602
-0.034985602,-0.034985602
-0.034985602,-0.034985602
-0.034985602,-0.034985602
-0.034985602,-0.034985602
-0.034985602,-0.034985602
-0.034985602,-0.034985602
-0.034985602,-0.034985602
-0.034985602,-0.034985602
-0.034985602,-0.034985602
-0.034985602,-0.034985602
-0.034985602,-0.034985602
-0.034985602,-0.034985602
-0.034985602,-0.034985602
-0.034985602,-0.034985602
-0.034985602,-0.034985602
-0.034985602,-0.034985602
-0.034985602,-0.034985602
-0.034985602,-0.034985602
-0.034985602,-0.034985602
-0.034985602,-0.034985602
-0.034985602,-0.034985602
-0.034985602,-0.034985602
-0.034985602,-0.034985602
-0.034985602,-0.034985602
-0.034985602,-0.034985602
-0.034985602,-0.034985602
-0.034985602,-0.034985602
-0.034985602,-0.034985602
-0.034985602,-0.034985602
-0.034985602,-0.034985602
-0.034985602,-0.034985602
-0.034985602,-0.034985602
-0.034985602,-0.034985602
-0.034985602,-0.034985602
-0.034985602,-0.034985602
-0.034985602,-0.034985602
-0.034985602,-0.034985602
-0.034985602,-0.034985602
-0.034985602,-0.034985602
-0.034985602,-0.034985602
-0.034985602,-0.034985602
-0.034985602,-0.034985602
-0.034985602,-0.034985602
-0.034985602,-0.034985602
-0.034985602,-0.034985602
-0.034985602,-0.034985602
-0.034985602,-0.034985602
-0.034985602,-0.034985602
-0.034985602,-0.034985602
-0.034985602,-0.034985602
-0.034985602,-0.034985602
-0.034985602,-0.034985602
-0.034985602,-0.034985602
-0.034985602,-0.034985602
-0.034985602,-0.034985602
-0.034985602,-0.034985602
-0.034985602,-0.034985602
-0.034985602,-0.034985602
-0.034985602,-0.034985602
-0.034985602,-0.034985602
-0.034985602,-0.034985602
-0.034985602,-0.034985602
-0.034985602,-0.034985602
-0.034985602,-0.034985602
-0.034985602,-0.034985602
-0.034985602,-0.034985602
-0.034985602,-0.034985602
-0.034985602,-0.034985602
-0.034985602,-0.034985602
-0.034985602,-0.034985602
-0.034985602,-0.034985602
-0.034985602,-0.034985602
-0.034985602,-0.034985602
-0.034985602,-0.034985602
-0.034985602,-0.034985602
-0.034985602,-0.034985602
-0.034985602,-0.034985602
-0.034985602,-0.034985602
-0.034985602,-0.034985602
-0.034985602,-0.034985602
-0.034985602,-0.034985602
-0.034985602,-0.034985602
-0.034985602,-0.034985602
-0.034985602,-0.034985602
-0.034985602,-0.034985602
-0.034985602,-0.034985602
-0.034985602,-0.034985602
-0.034985602,-0.034985602
-0.034985602,-0.034985602
-0.034985602,-0.034985602
-0.034985602,-0.034985602
-0.034985602,-0.034985602
-0.034985602,-0.034985602
-0.034985602,-0.034985602
-0.034985602,-0.034985602
-0.034985602,-0.034985602
-0.034985602,-0.034985602
-0.034985602,-0.034985602
-0.034985602,-0.034985602
-0.034985602,-0.034985602
-0.034985602,-0.034985602
-0.034985602,-0.034985602
-0.034985602,-0.034985602
-0.034985602,-0.034985602
-0.034985602,-0.034985602
-0.034985602,-0.034985602
-0.034985602,-0.034985602
-0.034985602,-0.034985602
-0.034985602,-0.034985602
-0.034985602,-0.034985602
-0.034985602,-0.034985602
-0.034985602,-0.034985602
-0.034985602,-0.034985602
-0.034985602,-0.034985602
-0.034985602,-0.034985602
-0.034985602,-0.034985602
-0.034985602,-0.034985602
-0.034985602,-0.034985602
-0.034985602,-0.034985602
-0.034985602,-0.034985602
-0.034985602,-0.034985602
-0.034985602,-0.034985602
-0.034985602,-0.034985602
-0.034985602,-0.034985602
-0.034985602,-0.034985602
-0.034985602,-0.034985602
-0.034985602,-0.034985602
-0.034985602,-0.034985602
-0.034985602,-0.034985602
-0.034985602,-0.034985602
-0.034985602,-0.034985602
-0.034985602,-0.034985602
-0.034985602,-0.034985602
-0.034985602,-0.034985602
-0.034985602,-0.034985602
-0.034985602,-0.034985602
-0.034985602,-0.034985602
-0.034985602,-0.034985602
-0.034985602,-0.034985602
-0.034985602,-0.034985602
-0.034985602,-0.034985602
-0.034985602,-0.034985602
-0.034985602,-0.034985602
-0.034985602,-0.034985602
-0.034985602,-0.034985602
-0.034985602,-0.034985602
-0.034985602,-0.034985602
-0.034985602,-0.034985602
-0.034985602,-0.034985602
-0.034985602,-0.034985602
-0.034985602,-0.034985602
-0.034985602,-0.034985602
-0.034985602,-0.034985602
-0.034985602,-0.034985602
-0.034985602,-0.034985602
-0.034985602,-0.034985602
-0.034985602,-0.034985602
-0.034985602,-0.034985602
-0.034985602,-0.034985602
-0.034985602,-0.034985602
-0.034985602,-0.034985602
-0.034985602,-0.034985602
-0.034985602,-0.034985602
-0.034985602,-0.034985602
-0.034985602,-0.034985602
-0.034985602,-0.034985602
-0.034985602,-0.034985602
-0.034985602,-0.034985602
-0.034985602,-0.034985602
-0.034985602,-0.034985602
-0.034985602,-0.034985602
-0.034985602,-0.034985602
-0.034985602,-0.034985602
-0.034985602,-0.034985602
-0.034985602,-0.034985602
-0.034985602,-0.034985602
-0.034985602,-0.034985602
-0.034985602,-0.034985602
-0.034985602,-0.034985602
-0.034985602,-0.034985602
-0.034985602,-0.034985602
-0.034985602,-0.034985602
-0.034985602,-0.034985602
-0.034985602,-0.034985602
-0.034985602,-0.034985602
-0.034985602,-0.034985602
-0.034985602,-0.034985602
-0.034985602,-0.034985602
-0.034985602,-0.034985602
-0.034985602,-0.034985602
-0.034985602,-0.034985602
-0.034985602,-0.034985602
-0.034985602,-0.034985602
-0.034985602,-0.034985602
-0.034985602,-0.034985602
-0.034985602,-0.034985602
-0.034985602,-0.034985602
-0.034985602,-0.034985602
-0.034985602,-0.034985602
-0.034985602,-0.034985602
-0.034985602,-0.034985602
-0.034985602,-0.034985602
-0.034985602,-0.034985602
-0.034985602,-0.034985602
-0.034985602,-0.034985602
-0.034985602,-0.034985602
-0.034985602,-0.034985602
-0.034985602,-0.034985602
-0.034985602,-0.034985602
-0.034985602,-0.034985602
-0.034985602,-0.034985602
-0.034985602,-0.034985602
-0.034985602,-0.034985602
-0.034985602,-0.034985602
-0.034985602,-0.034985602
-0.034985602,-0.034985602
-0.034985602,-0.034985602
-0.034985602,-0.034985602
-0.034985602,-0.034985602
-0.034985602,-0.034985602
-0.034985602,-0.034985602
-0.034985602,-0.034985602
-0.034985602,-0.034985602
-0.034985602,-0.034985602
-0.034985602,-0.034985602
-0.034985602,-0.034985602
-0.034985602,-0.034985602
-0.034985602,-0.034985602
-0.034985602,-0.034985602
-0.034985602,-0.034985602
-0.034985602,-0.034985602
-0.034985602,-0.034985602
-0.034985602,-0.034985602
-0.034985602,-0.034985602
-0.034985602,-0.034985602
-0.034985602,-0.034985602
-0.034985602,-0.034985602
-0.034985602,-0.034985602
-0.034985602,-0.034985602
-0.034985602,-0.034985602
-0.034985602,-0.034985602
-0.034985602,-0.034985602
-0.034985602,-0.034985602
-0.034985602,-0.034985602
-0.034985602,-0.034985602
-0.034985602,-0.034985602
-0.034985602,-0.034985602
-0.034985602,-0.034985602
-0.034985602,-0.034985602
-0.034985602,-0.034985602
-0.034985602,-0.034985602
-0.034985602,-0.034985602
-0.034985602,-0.034985602
-0.034985602,-0.034985602
-0.034985602,-0.034985602
-0.034985602,-0.034985602
-0.034985602,-0.034985602
-0.034985602,-0.034985602
-0.034985602,-0.034985602
-0.034985602,-0.034985602
-0.034985602,-0.034985602
-0.034985602,-0.034985602
-0.034985602,-0.034985602
-0.034985602,-0.034985602
-0.034985602,-0.034985602
-0.034985602,-0.034985602
-0.034985602,-0.034985602
-0.034985602,-0.034985602
-0.034985602,-0.034985602
-0.034985602,-0.034985602
-0.034985602,-0.034985602
-0.034985602,-0.034985602
-0.034985602,-0.034985602
-0.034985602,-0.034985602
-0.034985602,-0.034985602
-0.034985602,-0.034985602
-0.034985602,-0.034985602
-0.034985602,-0.034985602
-0.034985602,-0.034985602
-0.034985602,-0.034985602
-0.034985602,-0.034985602
-0.034985602,-0.034985602
-0.034985602,-0.034985602
-0.034985602,-0.034985602
-0.034985602,-0.034985602
-0.034985602,-0.034985602
-0.034985602,-0.034985602
-0.034985602,-0.034985602
-0.034985602,-0.034985602
-0.034985602,-0.034985602
-0.034985602,-0.034985602
-0.034985602,-0.034985602
-0.034985602,-0.034985602
-0.034985602,-0.034985602
-0.034985602,-0.034985602
-0.034985602,-0.034985602
-0.034985602,-0.034985602
-0.034985602,-0.034985602
-0.034985602,-0.034985602
-0.034985602,-0.034985602
-0.034985602,-0.034985602
-0.034985602,-0.034985602
-0.034985602,-0.034985602
-0.034985602,-0.034985602
-0.034985602,-0.034985602
-0.034985602,-0.034985602
-0.034985602,-0.034985602
-0.034985602,-0.034985602
-0.034985602,-0.034985602
-0.034985602,-0.034985602
-0.034985602,-0.034985602
-0.034985602,-0.034985602
-0.034985602,-0.034985602
-0.034985602,-0.034985602
-0.034985602,-0.034985602
-0.034985602,-0.034985602
-0.034985602,-0.034985602
-0.034985602,-0.034985602
-0.034985602,-0.034985602
-0.034985602,-0.034985602
-0.034985602,-0.034985602
-0.034985602,-0.034985602
-0.034985602,-0.034985602
-0.034985602,-0.034985602
-0.034985602,-0.034985602
-0.034985602,-0.034985602
-0.034985602,-0.034985602
-0.034985602,-0.034985602
-0.034985602,-0.034985602
-0.034985602,-0.034985602
-0.034985602,-0.034985602
-0.034985602,-0.034985602
-0.034985602,-0.034985602
-0.034985602,-0.034985602
-0.034985602,-0.034985602
-0.034985602,-0.034985602
-0.034985602,-0.034985602
-0.034985602,-0.034985602
-0.034985602,-0.034985602
-0.034985602,-0.034985602
-0.034985602,-0.034985602
-0.034985602,-0.034985602
-0.034985602,-0.034985602
-0.034985602,-0.034985602
-0.034985602,-0.034985602
-0.034985602,-0.034985602
-0.034985602,-0.034985602
-0.034985602,-0.034985602
-0.034985602,-0.034985602
-0.034985602,-0.034985602
-0.034985602,-0.034985602
-0.034985602,-0.034985602
-0.034985602,-0.034985602
-0.034985602,-0.034985602
-0.034985602,-0.034985602
-0.034985602,-0.034985602
-0.034985602,-0.034985602
-0.034985602,-0.034985602
-0.034985602,-0.034985602
-0.034985602,-0.034985602
-0.034985602,-0.034985602
-0.034985602,-0.034985602
-0.034985602,-0.034985602
-0.034985602,-0.034985602
-0.034985602,-0.034985602
-0.034985602,-0.034985602
-0.034985602,-0.034985602
-0.034985602,-0.034985602
-0.034985602,-0.034985602
-0.034985602,-0.034985602
-0.034985602,-0.034985602
-0.034985602,-0.034985602
-0.034985602,-0.034985602
-0.034985602,-0.034985602
-0.034985602,-0.034985602
-0.034985602,-0.034985602
-0.034985602,-0.034985602
-0.034985602,-0.034985602
-0.034985602,-0.034985602
-0.034985602,-0.034985602
-0.034985602,-0.034985602
-0.034985602,-0.034985602
-0.034985602,-0.034985602
-0.034985602,-0.034985602
-0.034985602,-0.034985602
-0.034985602,-0.034985602
-0.034985602,-0.034985602
-0.034985602,-0.034985602
-0.034985602,-0.034985602
-0.034985602,-0.034985602
-0.034985602,-0.034985602
-0.034985602,-0.034985602
-0.034985602,-0.034985602
-0.034985602,-0.034985602
-0.034985602,-0.034985602
-0.034985602,-0.034985602
-0.034985602,-0.034985602
-0.034985602,-0.034985602
-0.034985602,-0.034985602
-0.034985602,-0.034985602
-0.034985602,-0.034985602
-0.034985602,-0.034985602
-0.034985602,-0.034985602
-0.034985602,-0.034985602
-0.034985602,-0.034985602
-0.034985602,-0.034985602
-0.034985602,-0.034985602
-0.034985602,-0.034985602
-0.034985602,-0.034985602
-0.034985602,-0.034985602
-0.034985602,-0.034985602
-0.034985602,-0.034985602
-0.034985602,-0.034985602
-0.034985602,-0.034985602
-0.034985602,-0.034985602
-0.034985602,-0.034985602
-0.034985602,-0.034985602
-0.034985602,-0.034985602
-0.034985602,-0.034985602
-0.034985602,-0.034985602
-0.034985602,-0.034985602
-0.034985602,-0.034985602
-0.034985602,-0.034985602
-0.034985602,-0.034985602
-0.034985602,-0.034985602
-0.034985602,-0.034985602
-0.034985602,-0.034985602
-0.034985602,-0.034985602
-0.034985602,-0.034985602
-0.034985602,-0.034985602
-0.034985602,-0.034985602
-0.034985602,-0.034985602
-0.034985602,-0.034985602
-0.034985602,-0.034985602
-0.034985602,-0.034985602
-0.034985602,-0.034985602
-0.034985602,-0.034985602
-0.034985602,-0.034985602
-0.034985602,-0.034985602
-0.034985602,-0.034985602
-0.034985602,-0.034985602
-0.034985602,-0.034985602
-0.034985602,-0.034985602
-0.034985602,-0.034985602
-0.034985602,-0.034985602
-0.034985602,-0.034985602
-0.034985602,-0.034985602
-0.034985602,-0.034985602
-0.034985602,-0.034985602
-0.034985602,-0.034985602
-0.034985602,-0.034985602
-0.034985602,-0.034985602
-0.034985602,-0.034985602
-0.034985602,-0.034985602
-0.034985602,-0.034985602
-0.034985602,-0.034985602
-0.034985602,-0.034985602
-0.034985602,-0.034985602
-0.034985602,-0.034985602
-0.034985602,-0.034985602
-0.034985602,-0.034985602
-0.034985602,-0.034985602
-0.034985602,-0.034985602
-0.034985602,-0.034985602
-0.034985602,-0.034985602
-0.034985602,-0.034985602
-0.034985602,-0.034985602
-0.034985602,-0.034985602
-0.034985602,-0.034985602
-0.034985602,-0.034985602
-0.034985602,-0.034985602
-0.034985602,-0.034985602
-0.034985602,-0.034985602
-0.034985602,-0.034985602
-0.034985602,-0.034985602
-0.034985602,-0.034985602
-0.034985602,-0.034985602
-0.034985602,-0.034985602
-0.034985602,-0.034985602
-0.034985602,-0.034985602
-0.034985602,-0.034985602
-0.034985602,-0.034985602
-0.034985602,-0.034985602
-0.034985602,-0.034985602
-0.034985602,-0.034985602
-0.034985602,-0.034985602
-0.034985602,-0.034985602
-0.034985602,-0.034985602
-0.034985602,-0.034985602
-0.034985602,-0.034985602
-0.034985602,-0.034985602
-0.034985602,-0.034985602
-0.034985602,-0.034985602
-0.034985602,-0.034985602
-0.034985602,-0.034985602
-0.034985602,-0.034985602
-0.034985602,-0.034985602
-0.034985602,-0.034985602
-0.034985602,-0.034985602
-0.034985602,-0.034985602
-0.034985602,-0.034985602
-0.034985602,-0.034985602
-0.034985602,-0.034985602
-0.034985602,-0.034985602
-0.034985602,-0.034985602
-0.034985602,-0.034985602
-0.034985602,-0.034985602
-0.034985602,-0.034985602
-0.034985602,-0.034985602
-0.034985602,-0.034985602
-0.034985602,-0.034985602
-0.034985602,-0.034985602
-0.034985602,-0.034985602
-0.034985602,-0.034985602
-0.034985602,-0.034985602
-0.034985602,-0.034985602
-0.034985602,-0.034985602
-0.034985602,-0.034985602
-0.034985602,-0.034985602
-0.034985602,-0.034985602
-0.034985602,-0.034985602
-0.034985602,-0.034985602
-0.034985602,-0.034985602
-0.034985602,-0.034985602
-0.034985602,-0.034985602
-0.034985602,-0.034985602
-0.034985602,-0.034985602
-0.034985602,-0.034985602
-0.034985602,-0.034985602
-0.034985602,-0.034985602
-0.034985602,-0.034985602
-0.034985602,-0.034985602
-0.034985602,-0.034985602
-0.034985602,-0.034985602
-0.034985602,-0.034985602
-0.034985602,-0.034985602
-0.034985602,-0.034985602
-0.034985602,-0.034985602
-0.034985602,-0.034985602
-0.034985602,-0.034985602
-0.034985602,-0.034985602
-0.034985602,-0.034985602
-0.034985602,-0.034985602
-0.034985602,-0.034985602
-0.034985602,-0.034985602
-0.034985602,-0.034985602
-0.034985602,-0.034985602
-0.034985602,-0.034985602
-0.034985602,-0.034985602
-0.034985602,-0.034985602
-0.034985602,-0.034985602
-0.034985602,-0.034985602
-0.034985602,-0.034985602
-0.034985602,-0.034985602
-0.034985602,-0.034985602
-0.034985602,-0.034985602
-0.034985602,-0.034985602
-0.034985602,-0.034985602
-0.034985602,-0.034985602
-0.034985602,-0.034985602
-0.034985602,-0.034985602
-0.034985602,-0.034985602
-0.034985602,-0.034985602
-0.034985602,-0.034985602
-0.034985602,-0.034985602
-0.034985602,-0.034985602
-0.034985602,-0.034985602
-0.034985602,-0.034985602
-0.034985602,-0.034985602
-0.034985602,-0.034985602
-0.034985602,-0.034985602
-0.034985602,-0.034985602
-0.034985602,-0.034985602
-0.034985602,-0.034985602
-0.034985602,-0.034985602
-0.034985602,-0.034985602
-0.034985602,-0.034985602
-0.034985602,-0.034985602
-0.034985602,-0.034985602
-0.034985602,-0.034985602
-0.034985602,-0.034985602
-0.034985602,-0.034985602
-0.034985602,-0.034985602
-0.034985602,-0.034985602
-0.034985602,-0.034985602
-0.034985602,-0.034985602
-0.034985602,-0.034985602
-0.034985602,-0.034985602
-0.034985602,-0.034985602
-0.034985602,-0.034985602
-0.034985602,-0.034985602
-0.034985602,-0.034985602
-0.034985602,-0.034985602
-0.034985602,-0.034985602
-0.034985602,-0.034985602
-0.034985602,-0.034985602
-0.034985602,-0.034985602
-0.034985602,-0.034985602
-0.034985602,-0.034985602
-0.034985602,-0.034985602
-0.034985602,-0.034985602
-0.034985602,-0.034985602
-0.034985602,-0.034985602
-0.034985602,-0.034985602
-0.034985602,-0.034985602
-0.034985602,-0.034985602
-0.034985602,-0.034985602
-0.034985602,-0.034985602
-0.034985602,-0.034985602
-0.034985602,-0.034985602
-0.034985602,-0.034985602
-0.034985602,-0.034985602
-0.034985602,-0.034985602
-0.034985602,-0.034985602
-0.034985602,-0.034985602
-0.034985602,-0.034985602
-0.034985602,-0.034985602
-0.034985602,-0.034985602
-0.034985602,-0.034985602
-0.034985602,-0.034985602
-0.034985602,-0.034985602
-0.034985602,-0.034985602
-0.034985602,-0.034985602
-0.034985602,-0.034985602
-0.034985602,-0.034985602
-0.034985602,-0.034985602
-0.034985602,-0.034985602
-0.034985602,-0.034985602
-0.034985602,-0.034985602
-0.034985602,-0.034985602
-0.034985602,-0.034985602
-0.034985602,-0.034985602
-0.034985602,-0.034985602
-0.034985602,-0.034985602
-0.034985602,-0.034985602
-0.034985602,-0.034985602
-0.034985602,-0.034985602
-0.034985602,-0.034985602
-0.034985602,-0.034985602
-0.034985602,-0.034985602
-0.034985602,-0.034985602
-0.034985602,-0.034985602
-0.034985602,-0.034985602
-0.034985602,-0.034985602
-0.034985602,-0.034985602
-0.034985602,-0.034985602
-0.034985602,-0.034985602
-0.034985602,-0.034985602
-0.034985602,-0.034985602
-0.034985602,-0.034985602
-0.034985602,-0.034985602
-0.034985602,-0.034985602
-0.034985602,-0.034985602
-0.034985602,-0.034985602
-0.034985602,-0.034985602
-0.034985602,-0.034985602
-0.034985602,-0.034985602
-0.034985602,-0.034985602
-0.034985602,-0.034985602
-0.034985602,-0.034985602
-0.034985602,-0.034985602
-0.034985602,-0.034985602
-0.034985602,-0.034985602
-0.034985602,-0.034985602
-0.034985602,-0.034985602
-0.034985602,-0.034985602
-0.034985602,-0.034985602
-0.034985602,-0.034985602
-0.034985602,-0.034985602
-0.034985602,-0.034985602
-0.034985602,-0.034985602
-0.034985602,-0.034985602
-0.034985602,-0.034985602
-0.034985602,-0.034985602
-0.034985602,-0.034985602
-0.034985602,-0.034985602
-0.034985602,-0.034985602
-0.034985602,-0.034985602
-0.034985602,-0.034985602
-0.034985602,-0.034985602
-0.034985602,-0.034985602
-0.034985602,-0.034985602
-0.034985602,-0.034985602
-0.034985602,-0.034985602
-0.034985602,-0.034985602
-0.034985602,-0.034985602
-0.034985602,-0.034985602
-0.034985602,-0.034985602
-0.034985602,-0.034985602
-0.034985602,-0.034985602
-0.034985602,-0.034985602
-0.034985602,-0.034985602
-0.034985602,-0.034985602
-0.034985602,-0.034985602
-0.034985602,-0.034985602
-0.034985602,-0.034985602
-0.034985602,-0.034985602
-0.034985602,-0.034985602
-0.034985602,-0.034985602
-0.034985602,-0.034985602
-0.034985602,-0.034985602
-0.034985602,-0.034985602
-0.034985602,-0.034985602
-0.034985602,-0.034985602
-0.034985602,-0.034985602
-0.034985602,-0.034985602
-0.034985602,-0.034985602
-0.034985602,-0.034985602
-0.034985602,-0.034985602
-0.034985602,-0.034985602
-0.034985602,-0.034985602
-0.034985602,-0.034985602
-0.034985602,-0.034985602
-0.034985602,-0.034985602
-0.034985602,-0.034985602
-0.034985602,-0.034985602
-0.034985602,-0.034985602
-0.034985602,-0.034985602
-0.034985602,-0.034985602
-0.034985602,-0.034985602
-0.034985602,-0.034985602
-0.034985602,-0.034985602
-0.034985602,-0.034985602
-0.034985602,-0.034985602
-0.034985602,-0.034985602
-0.034985602,-0.034985602
-0.034985602,-0.034985602
-0.034985602,-0.034985602
-0.034985602,-0.034985602
-0.034985602,-0.034985602
-0.034985602,-0.034985602
-0.034985602,-0.034985602
-0.034985602,-0.034985602
-0.034985602,-0.034985602
-0.034985602,-0.034985602
-0.034985602,-0.034985602
-0.034985602,-0.034985602
-0.034985602,-0.034985602
-0.034985602,-0.034985602
-0.034985602,-0.034985602
-0.034985602,-0.034985602
-0.034985602,-0.034985602
-0.034985602,-0.034985602
-0.034985602,-0.034985602
-0.034985602,-0.034985602
-0.034985602,-0.034985602
-0.034985602,-0.034985602
-0.034985602,-0.034985602
-0.034985602,-0.034985602
-0.034985602,-0.034985602
-0.034985602,-0.034985602
-0.034985602,-0.034985602
-0.034985602,-0.034985602
-0.034985602,-0.034985602
-0.034985602,-0.034985602
-0.034985602,-0.034985602
-0.034985602,-0.034985602
-0.034985602,-0.034985602
-0.034985602,-0.034985602
-0.034985602,-0.034985602
-0.034985602,-0.034985602
-0.034985602,-0.034985602
-0.034985602,-0.034985602
-0.034985602,-0.034985602
-0.034985602,-0.034985602
-0.034985602,-0.034985602
-0.034985602,-0.034985602
-0.034985602,-0.034985602
-0.034985602,-0.034985602
-0.034985602,-0.034985602
-0.034985602,-0.034985602
-0.034985602,-0.034985602
-0.034985602,-0.034985602
-0.034985602,-0.034985602
-0.034985602,-0.034985602
-0.034985602,-0.034985602
-0.034985602,-0.034985602
-0.034985602,-0.034985602
-0.034985602,-0.034985602
-0.034985602,-0.034985602
-0.034985602,-0.034985602
-0.034985602,-0.034985602
-0.034985602,-0.034985602
-0.034985602,-0.034985602
-0.034985602,-0.034985602
-0.034985602,-0.034985602
-0.034985602,-0.034985602
-0.034985602,-0.034985602
-0.034985602,-0.034985602
-0.034985602,-0.034985602
-0.034985602,-0.034985602
-0.034985602,-0.034985602
-0.034985602,-0.034985602
-0.034985602,-0.034985602
-0.034985602,-0.034985602
-0.034985602,-0.034985602
-0.034985602,-0.034985602
-0.034985602,-0.034985602
-0.034985602,-0.034985602
-0.034985602,-0.034985602
-0.034985602,-0.034985602
-0.034985602,-0.034985602
-0.034985602,-0.034985602
-0.034985602,-0.034985602
-0.034985602,-0.034985602
-0.034985602,-0.034985602
-0.034985602,-0.034985602
-0.034985602,-0.034985602
-0.034985602,-0.034985602
-0.034985602,-0.034985602
-0.034985602,-0.034985602
-0.034985602,-0.034985602
-0.034985602,-0.034985602
-0.034985602,-0.034985602
-0.034985602,-0.034985602
-0.034985602,-0.034985602
-0.034985602,-0.034985602
-0.034985602,-0.034985602
-0.034985602,-0.034985602
-0.034985602,-0.034985602
-0.034985602,-0.034985602
-0.034985602,-0.034985602
-0.034985602,-0.034985602
-0.034985602,-0.034985602
-0.034985602,-0.034985602
-0.034985602,-0.034985602
-0.034985602,-0.034985602
-0.034985602,-0.034985602
-0.034985602,-0.034985602
-0.034985602,-0.034985602
-0.034985602,-0.034985602
-0.034985602,-0.034985602
-0.034985602,-0.034985602
-0.034985602,-0.034985602
-0.034985602,-0.034985602
-0.034985602,-0.034985602
-0.034985602,-0.034985602
-0.034985602,-0.034985602
-0.034985602,-0.034985602
-0.034985602,-0.034985602
-0.034985602,-0.034985602
-0.034985602,-0.034985602
-0.034985602,-0.034985602
-0.034985602,-0.034985602
-0.034985602,-0.034985602
-0.034985602,-0.034985602
-0.034985602,-0.034985602
-0.034985602,-0.034985602
-0.034985602,-0.034985602
-0.034985602,-0.034985602
-0.034985602,-0.034985602
-0.034985602,-0.034985602
-0.034985602,-0.034985602
-0.034985602,-0.034985602
-0.034985602,-0.034985602
-0.034985602,-0.034985602
-0.034985602,-0.034985602
-0.034985602,-0.034985602
-0.034985602,-0.034985602
-0.034985602,-0.034985602
-0.034985602,-0.034985602
-0.034985602,-0.034985602
-0.034985602,-0.034985602
-0.034985602,-0.034985602
-0.034985602,-0.034985602
-0.034985602,-0.034985602
-0.034985602,-0.034985602
-0.034985602,-0.034985602
-0.034985602,-0.034985602
-0.034985602,-0.034985602
-0.034985602,-0.034985602
-0.034985602,-0.034985602
-0.034985602,-0.034985602
-0.034985602,-0.034985602
-0.034985602,-0.034985602
-0.034985602,-0.034985602
-0.034985602,-0.034985602
-0.034985602,-0.034985602
-0.034985602,-0.034985602
-0.034985602,-0.034985602
-0.034985602,-0.034985602
-0.034985602,-0.034985602
-0.034985602,-0.034985602
-0.034985602,-0.034985602
-0.034985602,-0.034985602
-0.034985602,-0.034985602
-0.034985602,-0.034985602
-0.034985602,-0.034985602
-0.034985602,-0.034985602
-0.034985602,-0.034985602
-0.034985602,-0.034985602
-0.034985602,-0.034985602
-0.034985602,-0.034985602
-0.034985602,-0.034985602
-0.034985602,-0.034985602
-0.034985602,-0.034985602
-0.034985602,-0.034985602
-0.034985602,-0.034985602
-0.034985602,-0.034985602
-0.034985602,-0.034985602
-0.034985602,-0.034985602
-0.034985602,-0.034985602
-0.034985602,-0.034985602
-0.034985602,-0.034985602
-0.034985602,-0.034985602
-0.034985602,-0.034985602
-0.034985602,-0.034985602
-0.034985602,-0.034985602
-0.034985602,-0.034985602
-0.034985602,-0.034985602
-0.034985602,-0.034985602
-0.034985602,-0.034985602
-0.034985602,-0.034985602
-0.034985602,-0.034985602
-0.034985602,-0.034985602
-0.034985602,-0.034985602
-0.034985602,-0.034985602
-0.034985602,-0.034985602
-0.034985602,-0.034985602
-0.034985602,-0.034985602
-0.034985602,-0.034985602
-0.034985602,-0.034985602
-0.034985602,-0.034985602
-0.034985602,-0.034985602
-0.034985602,-0.034985602
-0.034985602,-0.034985602
-0.034985602,-0.034985602
-0.034985602,-0.034985602
-0.034985602,-0.034985602
-0.034985602,-0.034985602
-0.034985602,-0.034985602
-0.034985602,-0.034985602
-0.034985602,-0.034985602
-0.034985602,-0.034985602
-0.034985602,-0.034985602
-0.034985602,-0.034985602
-0.034985602,-0.034985602
-0.034985602,-0.034985602
-0.034985602,-0.034985602
-0.034985602,-0.034985602
-0.034985602,-0.034985602
-0.034985602,-0.034985602
-0.034985602,-0.034985602
-0.034985602,-0.034985602
-0.034985602,-0.034985602
-0.034985602,-0.034985602
-0.034985602,-0.034985602
-0.034985602,-0.034985602
-0.034985602,-0.034985602
-0.034985602,-0.034985602
-0.034985602,-0.034985602
-0.034985602,-0.034985602
-0.034985602,-0.034985602
-0.034985602,-0.034985602
-0.034985602,-0.034985602
-0.034985602,-0.034985602
-0.034985602,-0.034985602
-0.034985602,-0.034985602
-0.034985602,-0.034985602
-0.034985602,-0.034985602
-0.034985602,-0.034985602
-0.034985602,-0.034985602
-0.034985602,-0.034985602
-0.034985602,-0.034985602
-0.034985602,-0.034985602
-0.034985602,-0.034985602
-0.034985602,-0.034985602
-0.034985602,-0.034985602
-0.034985602,-0.034985602
-0.034985602,-0.034985602
-0.034985602,-0.034985602
-0.034985602,-0.034985602
-0.034985602,-0.034985602
-0.034985602,-0.034985602
-0.034985602,-0.034985602
-0.034985602,-0.034985602
-0.034985602,-0.034985602
-0.034985602,-0.034985602
-0.034985602,-0.034985602
-0.034985602,-0.034985602
-0.034985602,-0.034985602
-0.034985602,-0.034985602
-0.034985602,-0.034985602
-0.034985602,-0.034985602
-0.034985602,-0.034985602
-0.034985602,-0.034985602
-0.034985602,-0.034985602
-0.034985602,-0.034985602
-0.034985602,-0.034985602
-0.034985602,-0.034985602
-0.034985602,-0.034985602
-0.034985602,-0.034985602
-0.034985602,-0.034985602
-0.034985602,-0.034985602
-0.034985602,-0.034985602
-0.034985602,-0.034985602
-0.034985602,-0.034985602
-0.034985602,-0.034985602
-0.034985602,-0.034985602
-0.034985602,-0.034985602
-0.034985602,-0.034985602
-0.034985602,-0.034985602
-0.034985602,-0.034985602
-0.034985602,-0.034985602
-0.034985602,-0.034985602
-0.034985602,-0.034985602
-0.034985602,-0.034985602
-0.034985602,-0.034985602
-0.034985602,-0.034985602
-0.034985602,-0.034985602
-0.034985602,-0.034985602
-0.034985602,-0.034985602
-0.034985602,-0.034985602
-0.034985602,-0.034985602
-0.034985602,-0.034985602
-0.034985602,-0.034985602
-0.034985602,-0.034985602
-0.034985602,-0.034985602
-0.034985602,-0.034985602
-0.034985602,-0.034985602
-0.034985602,-0.034985602
-0.034985602,-0.034985602
-0.034985602,-0.034985602
-0.034985602,-0.034985602
-0.034985602,-0.034985602
-0.034985602,-0.034985602
-0.034985602,-0.034985602
-0.034985602,-0.034985602
-0.034985602,-0.034985602
-0.034985602,-0.034985602
-0.034985602,-0.034985602
-0.034985602,-0.034985602
-0.034985602,-0.034985602
-0.034985602,-0.034985602
-0.034985602,-0.034985602
-0.034985602,-0.034985602
-0.034985602,-0.034985602
-0.034985602,-0.034985602
-0.034985602,-0.034985602
-0.034985602,-0.034985602
-0.034985602,-0.034985602
-0.034985602,-0.034985602
-0.034985602,-0.034985602
-0.034985602,-0.034985602
-0.034985602,-0.034985602
-0.034985602,-0.034985602
-0.034985602,-0.034985602
-0.034985602,-0.034985602
-0.034985602,-0.034985602
-0.034985602,-0.034985602
-0.034985602,-0.034985602
-0.034985602,-0.034985602
-0.034985602,-0.034985602
-0.034985602,-0.034985602
-0.034985602,-0.034985602
-0.034985602,-0.034985602
-0.034985602,-0.034985602
-0.034985602,-0.034985602
-0.034985602,-0.034985602
-0.034985602,-0.034985602
-0.034985602,-0.034985602
-0.034985602,-0.034985602
-0.034985602,-0.034985602
-0.034985602,-0.034985602
-0.034985602,-0.034985602
-0.034985602,-0.034985602
-0.034985602,-0.034985602
-0.034985602,-0.034985602
-0.034985602,-0.034985602
-0.034985602,-0.034985602
-0.034985602,-0.034985602
-0.034985602,-0.034985602
-0.034985602,-0.034985602
-0.034985602,-0.034985602
-0.034985602,-0.034985602
-0.034985602,-0.034985602
-0.034985602,-0.034985602
-0.034985602,-0.034985602
-0.034985602,-0.034985602
-0.034985602,-0.034985602
-0.034985602,-0.034985602
-0.034985602,-0.034985602
-0.034985602,-0.034985602
-0.034985602,-0.034985602
-0.034985602,-0.034985602
-0.034985602,-0.034985602
-0.034985602,-0.034985602
-0.034985602,-0.034985602
-0.034985602,-0.034985602
-0.034985602,-0.034985602
-0.034985602,-0.034985602
-0.034985602,-0.034985602
-0.034985602,-0.034985602
-0.034985602,-0.034985602
0.017763384,0.017763384
0.017763384,0.017763384
0.017763384,0.017763384
0.017763384,0.017763384
0.017763384,0.017763384
0.017763384,0.017763384
0.017763384,0.017763384
0.017763384,0.017763384
0.017763384,0.017763384
0.017763384,0.017763384
0.017763384,0.017763384
0.017763384,0.017763384
0.017763384,0.017763384
0.017763384,0.017763384
0.017763384,0.017763384
0.017763384,0.017763384
0.017763384,0.017763384
0.017763384,0.017763384
0.017763384,0.017763384
0.017763384,0.017763384
0.017763384,0.017763384
0.017763384,0.017763384
0.017763384,0.017763384
0.017763384,0.017763384
0.017763384,0.017763384
0.017763384,0.017763384
0.017763384,0.017763384
0.017763384,0.017763384
0.017763384,0.017763384
0.017763384,0.017763384
-0.034985602,-0.034985602
-0.034985602,-0.034985602
-0.034985602,-0.034985602
-0.034985602,-0.034985602
-0.04845531,-0.04845531
-0.04845531,-0.04845531
-0.04845531,-0.04845531
-0.04845531,-0.04845531
-0.04845531,-0.04845531
-0.04845531,-0.04845531
-0.04845531,-0.04845531
-0.04845531,-0.04845531
-0.04845531,-0.04845531
-0.04845531,-0.04845531
-0.04845531,-0.04845531
-0.04845531,-0.04845531
-0.04845531,-0.04845531
-0.04845531,-0.04845531
-0.04845531,-0.04845531
-0.04845531,-0.04845531
-0.04845531,-0.04845531
-0.04845531,-0.04845531
-0.04845531,-0.04845531
-0.04845531,-0.04845531
-0.04845531,-0.04845531
-0.04845531,-0.04845531
-0.04845531,-0.04845531
-0.04845531,-0.04845531
-0.04845531,-0.04845531
-0.034985602,-0.034985602
-0.034985602,-0.034985602
-0.034985602,-0.034985602
-0.034985602,-0.034985602
-0.034985602,-0.034985602
-0.034985602,-0.034985602
-0.034985602,-0.034985602
-0.034985602,-0.034985602
-0.034985602,-0.034985602
-0.034985602,-0.034985602
-0.034985602,-0.034985602
-0.034985602,-0.034985602
-0.034985602,-0.034985602
-0.034985602,-0.034985602
-0.034985602,-0.034985602
-0.034985602,-0.034985602
-0.034985602,-0.034985602
-0.034985602,-0.034985602
-0.034985602,-0.034985602
-0.034985602,-0.034985602
-0.034985602,-0.034985602
-0.034985602,-0.034985602
-0.034985602,-0.034985602
0.0018304139,0.0018304139
0.0018304139,0.0018304139
0.0018304139,0.0018304139
0.0018304139,0.0018304139
0.0018304139,0.0018304139
0.0018304139,0.0018304139
0.0018304139,0.0018304139
0.0018304139,0.0018304139
0.0018304139,0.0018304139
0.0018304139,0.0018304139
0.0018304139,0.0018304139
0.0018304139,0.0018304139
0.0018304139,0.0018304139
0.0018304139,0.0018304139
0.0018304139,0.0018304139
0.0018304139,0.0018304139
0.0018304139,0.0018304139
0.0018304139,0.0018304139
0.0018304139,0.0018304139
-0.034985602,-0.034985602
-0.034985602,-0.034985602
0.07754086,0.07754086
0.07754086,0.07754086
0.07754086,0.07754086
0.07754086,0.07754086
0.07754086,0.07754086
0.07754086,0.07754086
0.07754086,0.07754086
0.07754086,0.07754086
0.07754086,0.07754086
0.07754086,0.07754086
0.07754086,0.07754086
0.07754086,0.07754086
0.07754086,0.07754086
0.07754086,0.07754086
0.07754086,0.07754086
0.07754086,0.07754086
0.07754086,0.07754086
0.07754086,0.07754086
0.07754086,0.07754086
0.07754086,0.07754086
0.07754086,0.07754086
0.07754086,0.07754086
0.07754086,0.07754086
0.07754086,0.07754086
0.07754086,0.07754086
0.07754086,0.07754086
0.07754086,0.07754086
0.07754086,0.07754086
0.07754086,0.07754086
0.07754086,0.07754086
0.07754086,0.07754086
0.07754086,0.07754086
-0.16356781,-0.16356781
-0.17199045,-0.17199045
-0.17199045,-0.17199045
-0.17199045,-0.17199045
-0.17199045,-0.17199045
-0.17199045,-0.17199045
-0.17199045,-0.17199045
-0.17199045,-0.17199045
-0.17199045,-0.17199045
-0.17199045,-0.17199045
-0.17199045,-0.17199045
-0.17199045,-0.17199045
-0.17199045,-0.17199045
-0.17199045,-0.17199045
-0.17199045,-0.17199045
-0.17199045,-0.17199045
-0.17199045,-0.17199045
-0.17199045,-0.17199045
-0.17199045,-0.17199045
-0.17199045,-0.17199045
-0.17199045,-0.17199045
-0.17199045,-0.17199045
-0.17199045,-0.17199045
-0.17199045,-0.17199045
-0.17199045,-0.17199045
-0.17199045,-0.17199045
-0.17199045,-0.17199045
-0.17199045,-0.17199045
-0.17199045,-0.17199045
-0.17199045,-0.17199045
-0.17199045,-0.17199045
-0.17199045,-0.17199045
-0.17199045,-0.17199045
-0.17199045,-0.17199045
-0.17199045,-0.17199045
-0.17199045,-0.17199045
-0.17199045,-0.17199045
-0.17199045,-0.17199045
-0.17199045,-0.17199045
-0.17199045,-0.17199045
-0.17199045,-0.17199045
-0.17199045,-0.17199045
-0.17199045,-0.17199045
-0.17199045,-0.17199045
-0.17199045,-0.17199045
-0.17199045,-0.17199045
-0.17199045,-0.17199045
-0.17199045,-0.17199045
-0.17199045,-0.17199045
-0.17199045,-0.17199045
-0.17199045,-0.17199045
-0.17199045,-0.17199045
-0.17199045,-0.17199045
-0.17199045,-0.17199045
-0.17199045,-0.17199045
-0.17199045,-0.17199045
-0.17199045,-0.17199045
-0.17199045,-0.17199045
-0.17199045,-0.17199045
-0.17199045,-0.17199045
-0.17199045,-0.17199045
-0.17199045,-0.17199045
-0.17199045,-0.17199045
-0.17199045,-0.17199045
-0.17199045,-0.17199045
-0.17199045,-0.17199045
-0.17199045,-0.17199045
-0.17199045,-0.17199045
-0.17199045,-0.17199045
-0.17199045,-0.17199045
-0.17199045,-0.17199045
-0.17199045,-0.17199045
-0.17199045,-0.17199045
-0.17199045,-0.17199045
-0.17199045,-0.17199045
-0.17199045,-0.17199045
-0.17199045,-0.17199045
-0.17199045,-0.17199045
-0.17199045,-0.17199045
-0.17199045,-0.17199045
-0.17199045,-0.17199045
-0.17199045,-0.17199045
-0.17199045,-0.17199045
-0.17199045,-0.17199045
-0.17199045,-0.17199045
-0.17199045,-0.17199045
-0.17199045,-0.17199045
-0.17199045,-0.17199045
-0.17199045,-0.17199045
-0.17199045,-0.17199045
-0.17199045,-0.17199045
-0.17199045,-0.17199045
-0.17199045,-0.17199045
-0.17199045,-0.17199045
-0.17199045,-0.17199045
-0.17199045,-0.17199045
-0.17199045,-0.17199045
-0.17199045,-0.17199045
-0.17199045,-0.17199045
-0.17199045,-0.17199045
-0.17199045,-0.17199045
-0.17199045,-0.17199045
-0.17199045,-0.17199045
-0.17199045,-0.17199045
-0.17199045,-0.17199045
-0.17199045,-0.17199045
-0.17199045,-0.17199045
-0.17199045,-0.17199045
-0.17199045,-0.17199045
-0.17199045,-0.17199045
-0.17199045,-0.17199045
-0.17199045,-0.17199045
-0.17199045,-0.17199045
-0.17199045,-0.17199045
-0.17199045,-0.17199045
-0.17199045,-0.17199045
-0.17199045,-0.17199045
-0.17199045,-0.17199045
-0.17199045,-0.17199045
-0.17199045,-0.17199045
-0.17199045,-0.17199045
-0.17199045,-0.17199045
-0.17199045,-0.17199045
-0.17199045,-0.17199045
-0.17199045,-0.17199045
-0.17199045,-0.17199045
-0.17199045,-0.17199045
-0.17199045,-0.17199045
-0.17199045,-0.17199045
-0.17199045,-0.17199045
-0.17199045,-0.17199045
-0.17199045,-0.17199045
-0.17199045,-0.17199045
-0.17199045,-0.17199045
-0.17199045,-0.17199045
-0.17199045,-0.17199045
-0.17199045,-0.17199045
-0.17199045,-0.17199045
-0.17199045,-0.17199045
-0.17199045,-0.17199045
-0.17199045,-0.17199045
-0.17199045,-0.17199045
-0.17199045,-0.17199045
-0.17199045,-0.17199045
-0.17199045,-0.17199045
-0.17199045,-0.17199045
-0.17199045,-0.17199045
-0.17199045,-0.17199045
-0.17199045,-0.17199045
-0.17199045,-0.17199045
-0.17199045,-0.17199045
-0.17199045,-0.17199045
-0.17199045,-0.17199045
-0.17199045,-0.17199045
-0.17199045,-0.17199045
-0.17199045,-0.17199045
-0.17199045,-0.17199045
-0.17199045,-0.17199045
-0.17199045,-0.17199045
-0.17199045,-0.17199045
-0.17199045,-0.17199045
-0.17199045,-0.17199045
-0.17199045,-0.17199045
-0.17199045,-0.17199045
-0.17199045,-0.17199045
-0.17199045,-0.17199045
-0.17199045,-0.17199045
-0.17199045,-0.17199045
-0.17199045,-0.17199045
-0.17199045,-0.17199045
-0.17199045,-0.17199045
-0.17199045,-0.17199045
-0.17199045,-0.17199045
-0.17199045,-0.17199045
-0.17199045,-0.17199045
-0.17199045,-0.17199045
-0.17199045,-0.17199045
-0.17199045,-0.17199045
-0.17199045,-0.17199045
-0.17199045,-0.17199045
-0.17199045,-0.17199045
-0.17199045,-0.17199045
-0.17199045,-0.17199045
-0.17199045,-0.17199045
-0.17199045,-0.17199045
-0.17199045,-0.17199045
-0.17199045,-0.17199045
-0.17199045,-0.17199045
-0.17199045,-0.17199045
-0.17199045,-0.17199045
-0.17199045,-0.17199045
-0.17199045,-0.17199045
-0.17199045,-0.17199045
-0.17199045,-0.17199045
-0.17199045,-0.17199045
-0.17199045,-0.17199045
-0.17199045,-0.17199045
-0.17199045,-0.17199045
-0.17199045,-0.17199045
-0.17199045,-0.17199045
-0.17199045,-0.17199045
-0.17199045,-0.17199045
-0.17199045,-0.17199045
-0.17199045,-0.17199045
-0.17199045,-0.17199045
-0.17199045,-0.17199045
-0.17199045,-0.17199045
-0.17199045,-0.17199045
-0.17199045,-0.17199045
-0.17199045,-0.17199045
-0.17199045,-0.17199045
-0.17199045,-0.17199045
-0.17199045,-0.17199045
-0.17199045,-0.17199045
-0.17199045,-0.17199045
-0.17199045,-0.17199045
-0.17199045,-0.17199045
-0.17199045,-0.17199045
-0.17199045,-0.17199045
-0.17199045,-0.17199045
-0.17199045,-0.17199045
-0.17199045,-0.17199045
-0.17199045,-0.17199045
-0.17199045,-0.17199045
-0.17199045,-0.17199045
-0.17199045,-0.17199045
-0.17199045,-0.17199045
-0.17199045,-0.17199045
-0.17199045,-0.17199045
-0.17199045,-0.17199045
-0.17199045,-0.17199045
-0.17199045,-0.17199045
-0.17199045,-0.17199045
-0.17199045,-0.17199045
-0.17199045,-0.17199045
-0.17199045,-0.17199045
-0.17199045,-0.17199045
-0.17199045,-0.17199045
-0.17199045,-0.17199045
-0.17199045,-0.17199045
-0.17199045,-0.17199045
-0.17199045,-0.17199045
-0.17199045,-0.17199045
-0.17199045,-0.17199045
-0.17199045,-0.17199045
-0.17199045,-0.17199045
-0.17199045,-0.17199045
-0.17199045,-0.17199045
-0.17199045,-0.17199045
-0.17199045,-0.17199045
-0.17199045,-0.17199045
-0.17199045,-0.17199045
-0.17199045,-0.17199045
-0.17199045,-0.17199045
-0.17199045,-0.17199045
-0.17199045,-0.17199045
-0.17199045,-0.17199045
-0.17199045,-0.17199045
-0.17199045,-0.17199045
-0.17199045,-0.17199045
-0.17199045,-0.17199045
-0.17199045,-0.17199045
-0.17199045,-0.17199045
-0.17199045,-0.17199045
-0.17199045,-0.17199045
-0.17199045,-0.17199045
-0.17199045,-0.17199045
-0.17199045,-0.17199045
-0.17199045,-0.17199045
-0.17199045,-0.17199045
-0.17199045,-0.17199045
-0.17199045,-0.17199045
-0.17199045,-0.17199045
-0.17199045,-0.17199045
-0.17199045,-0.17199045
-0.17199045,-0.17199045
-0.17199045,-0.17199045
-0.17199045,-0.17199045
-0.17199045,-0.17199045
-0.17199045,-0.17199045
-0.17199045,-0.17199045
-0.17199045,-0.17199045
-0.17199045,-0.17199045
-0.17199045,-0.17199045
-0.17199045,-0.17199045
-0.17199045,-0.17199045
-0.17199045,-0.17199045
-0.17199045,-0.17199045
-0.17199045,-0.17199045
-0.17199045,-0.17199045
-0.17199045,-0.17199045
-0.17199045,-0.17199045
-0.17199045,-0.17199045
-0.17199045,-0.17199045
-0.17199045,-0.17199045
-0.17199045,-0.17199045
-0.17199045,-0.17199045
-0.17199045,-0.17199045
-0.17199045,-0.17199045
-0.17199045,-0.17199045
-0.17199045,-0.17199045
-0.17199045,-0.17199045
-0.17199045,-0.17199045
-0.17199045,-0.17199045
-0.17199045,-0.17199045
-0.17199045,-0.17199045
-0.17199045,-0.17199045
-0.17199045,-0.17199045
-0.17199045,-0.17199045
-0.17199045,-0.17199045
-0.17199045,-0.17199045
-0.17199045,-0.17199045
-0.17199045,-0.17199045
-0.17199045,-0.17199045
-0.17199045,-0.17199045
-0.17199045,-0.17199045
-0.17199045,-0.17199045
-0.17199045,-0.17199045
-0.17199045,-0.17199045
-0.17199045,-0.17199045
-0.17199045,-0.17199045
-0.17199045,-0.17199045
-0.17199045,-0.17199045
-0.17199045,-0.17199045
-0.17199045,-0.17199045
-0.17199045,-0.17199045
-0.17199045,-0.17199045
-0.17199045,-0.17199045
-0.17199045,-0.17199045
-0.17199045,-0.17199045
-0.17199045,-0.17199045
-0.17199045,-0.17199045
-0.17199045,-0.17199045
-0.17199045,-0.17199045
-0.17199045,-0.17199045
-0.17199045,-0.17199045
-0.17199045,-0.17199045
-0.17199045,-0.17199045
-0.17199045,-0.17199045
-0.17199045,-0.17199045
-0.17199045,-0.17199045
-0.17199045,-0.17199045
-0.17199045,-0.17199045
-0.17199045,-0.17199045
-0.17199045,-0.17199045
-0.17199045,-0.17199045
-0.17199045,-0.17199045
-0.17199045,-0.17199045
-0.17199045,-0.17199045
-0.17199045,-0.17199045
-0.17199045,-0.17199045
-0.17199045,-0.17199045
-0.17199045,-0.17199045
-0.17199045,-0.17199045
-0.17199045,-0.17199045
-0.17199045,-0.17199045
-0.17199045,-0.17199045
-0.17199045,-0.17199045
-0.17199045,-0.17199045
-0.17199045,-0.17199045
-0.17199045,-0.17199045
-0.034985602,-0.034985602
-0.034985602,-0.034985602
-0.034985602,-0.034985602
-0.034985602,-0.034985602
-0.034985602,-0.034985602
-0.034985602,-0.034985602
-0.034985602,-0.034985602
-0.034985602,-0.034985602
-0.034985602,-0.034985602
-0.034985602,-0.034985602
-0.034985602,-0.034985602
-0.034985602,-0.034985602
-0.034985602,-0.034985602
-0.89350396,-0.89350396
-0.89350396,-0.89350396
-0.89350396,-0.89350396
-0.89350396,-0.89350396
-0.89350396,-0.89350396
-0.89350396,-0.89350396
-0.89350396,-0.89350396
-0.89350396,-0.89350396
-0.89350396,-0.89350396
-0.89350396,-0.89350396
-0.89350396,-0.89350396
-0.89350396,-0.89350396
-0.89350396,-0.89350396
-0.89350396,-0.89350396
-0.89350396,-0.89350396
-0.89350396,-0.89350396
-0.89350396,-0.89350396
-0.89350396,-0.89350396
-0.89350396,-0.89350396
-0.89350396,-0.89350396
-0.89350396,-0.89350396
-0.89350396,-0.89350396
-0.89350396,-0.89350396
-0.89350396,-0.89350396
-0.89350396,-0.89350396
-0.89350396,-0.89350396
-0.89350396,-0.89350396
-0.89350396,-0.89350396
-0.89350396,-0.89350396
-0.89350396,-0.89350396
-0.89350396,-0.89350396
-0.89350396,-0.89350396
-0.89350396,-0.89350396
-0.89350396,-0.89350396
-0.89350396,-0.89350396
-0.89350396,-0.89350396
-0.89350396,-0.89350396
-0.89350396,-0.89350396
-0.89350396,-0.89350396
-0.89350396,-0.89350396
-0.89350396,-0.89350396
-0.89350396,-0.89350396
-0.89350396,-0.89350396
-0.89350396,-0.89350396
-0.89350396,-0.89350396
-0.89350396,-0.89350396
-0.89350396,-0.89350396
-0.034985602,-0.034985602
-0.8850596,-0.8850596
-0.8850596,-0.8850596
-0.8850596,-0.8850596
-0.8850596,-0.8850596
-0.8850596,-0.8850596
-0.8850596,-0.8850596
-0.8850596,-0.8850596
-0.8850596,-0.8850596
-0.8850596,-0.8850596
-0.8850596,-0.8850596
-0.8850596,-0.8850596
-0.8850596,-0.8850596
-0.8850596,-0.8850596
-0.8850596,-0.8850596
-0.8850596,-0.8850596
-0.8850596,-0.8850596
-0.8850596,-0.8850596
-0.8850596,-0.8850596
-0.8850596,-0.8850596
-0.8850596,-0.8850596
-0.8850596,-0.8850596
-0.8850596,-0.8850596
-0.8850596,-0.8850596
-0.8850596,-0.8850596
-0.8850596,-0.8850596
-0.8850596,-0.8850596
-0.8850596,-0.8850596
-0.8850596,-0.8850596
-0.8850596,-0.8850596
-0.8850596,-0.8850596
-0.8850596,-0.8850596
-0.8850596,-0.8850596
-0.8850596,-0.8850596
-0.8850596,-0.8850596
-0.8850596,-0.8850596
-0.8850596,-0.8850596
-0.8850596,-0.8850596
-0.8850596,-0.8850596
-0.8850596,-0.8850596
-0.8850596,-0.8850596
-0.8850596,-0.8850596
-0.8850596,-0.8850596
-0.8850596,-0.8850596
-0.8850596,-0.8850596
-0.8850596,-0.8850596
-0.8850596,-0.8850596
-0.8850596,-0.8850596
-0.8850596,-0.8850596
-0.8850596,-0.8850596
-0.8850596,-0.8850596
-0.8850596,-0.8850596
-0.8850596,-0.8850596
-0.8850596,-0.8850596
-0.8850596,-0.8850596
-0.8850596,-0.8850596
-0.8850596,-0.8850596
-0.8850596,-0.8850596
-0.8850596,-0.8850596
-0.8850596,-0.8850596
-0.8850596,-0.8850596
-0.8850596,-0.8850596
-0.8850596,-0.8850596
-0.8850596,-0.8850596
-0.8850596,-0.8850596
-0.8850596,-0.8850596
-0.8850596,-0.8850596
-0.8850596,-0.8850596
-0.8850596,-0.8850596
-0.8850596,-0.8850596
-0.8850596,-0.8850596
-0.8850596,-0.8850596
-0.8850596,-0.8850596
-0.8850596,-0.8850596
-0.8850596,-0.8850596
-0.8850596,-0.8850596
-0.8850596,-0.8850596
-0.8850596,-0.8850596
-0.8850596,-0.8850596
-0.8850596,-0.8850596
-0.8850596,-0.8850596
-0.8850596,-0.8850596
-0.8850596,-0.8850596
-0.8850596,-0.8850596
-0.8850596,-0.8850596
-0.8850596,-0.8850596
-0.8850596,-0.8850596
-0.8850596,-0.8850596
-0.8850596,-0.8850596
-0.8850596,-0.8850596
-0.8850596,-0.8850596
-0.8850596,-0.8850596
-0.8850596,-0.8850596
-0.8850596,-0.8850596
-0.8850596,-0.8850596
-0.8850596,-0.8850596
-0.8850596,-0.8850596
-0.8850596,-0.8850596
-0.8850596,-0.8850596
-0.8850596,-0.8850596
-0.8850596,-0.8850596
-0.8850596,-0.8850596
-0.8850596,-0.8850596
-0.8850596,-0.8850596
-0.8850596,-0.8850596
-0.8850596,-0.8850596
-0.8850596,-0.8850596
-0.8850596,-0.8850596
-0.8850596,-0.8850596
-0.8850596,-0.8850596
-0.8850596,-0.8850596
-0.8850596,-0.8850596
-0.8850596,-0.8850596
-0.8850596,-0.8850596
-0.8850596,-0.8850596
-0.8850596,-0.8850596
-0.8850596,-0.8850596
-0.8850596,-0.8850596
-0.8850596,-0.8850596
-0.8850596,-0.8850596
-0.8850596,-0.8850596
-0.8850596,-0.8850596
-0.8850596,-0.8850596
-0.8850596,-0.8850596
-0.8850596,-0.8850596
-0.8850596,-0.8850596
-0.8850596,-0.8850596
-0.8850596,-0.8850596
-0.8850596,-0.8850596
-0.8850596,-0.8850596
-0.8850596,-0.8850596
-0.8850596,-0.8850596
-0.8850596,-0.8850596
-0.8850596,-0.8850596
-0.8850596,-0.8850596
-0.8850596,-0.8850596
-0.8850596,-0.8850596
-0.8850596,-0.8850596
-0.8850596,-0.8850596
-0.8850596,-0.8850596
-0.8850596,-0.8850596
-0.8850596,-0.8850596
-0.8850596,-0.8850596
-0.8850596,-0.8850596
-0.8850596,-0.8850596
-0.8850596,-0.8850596
-0.8850596,-0.8850596
-0.8850596,-0.8850596
-0.8850596,-0.8850596
-0.8850596,-0.8850596
-0.8850596,-0.8850596
-0.8850596,-0.8850596
-0.8850596,-0.8850596
-0.8850596,-0.8850596
-0.8850596,-0.8850596
-0.8850596,-0.8850596
-0.8850596,-0.8850596
-0.8850596,-0.8850596
-0.8850596,-0.8850596
-0.8850596,-0.8850596
-0.8850596,-0.8850596
-0.8850596,-0.8850596
-0.8850596,-0.8850596
-0.8850596,-0.8850596
-0.8850596,-0.8850596
-0.8850596,-0.8850596
-0.8850596,-0.8850596
-0.8850596,-0.8850596
-0.8850596,-0.8850596
-0.8850596,-0.8850596
-0.8850596,-0.8850596
-0.8850596,-0.8850596
-0.8850596,-0.8850596
-0.8850596,-0.8850596
-0.8850596,-0.8850596
-0.8850596,-0.8850596
-0.8850596,-0.8850596
-0.8850596,-0.8850596
-0.8850596,-0.8850596
-0.8850596,-0.8850596
-0.8850596,-0.8850596
-0.8850596,-0.8850596
-0.8850596,-0.8850596
-0.8850596,-0.8850596
-0.8850596,-0.8850596
-0.8850596,-0.8850596
-0.8850596,-0.8850596
-0.8850596,-0.8850596
-0.8850596,-0.8850596
-0.8850596,-0.8850596
-0.8850596,-0.8850596
-0.8850596,-0.8850596
-0.8850596,-0.8850596
-0.8850596,-0.8850596
-0.8850596,-0.8850596
-0.8850596,-0.8850596
-0.8850596,-0.8850596
-0.8850596,-0.8850596
-0.8850596,-0.8850596
-0.8850596,-0.8850596
-0.8850596,-0.8850596
-0.8850596,-0.8850596
-0.8850596,-0.8850596
-0.8850596,-0.8850596
-0.8850596,-0.8850596
-0.8850596,-0.8850596
-0.8850596,-0.8850596
-0.8850596,-0.8850596
-0.8850596,-0.8850596
-0.8850596,-0.8850596
-0.8850596,-0.8850596
-0.8850596,-0.8850596
-0.8850596,-0.8850596
-0.8850596,-0.8850596
-0.8850596,-0.8850596
-0.8850596,-0.8850596
-0.8850596,-0.8850596
-0.8850596,-0.8850596
-0.8850596,-0.8850596
-0.8850596,-0.8850596
-0.8850596,-0.8850596
-0.8850596,-0.8850596
-0.8850596,-0.8850596
-0.8850596,-0.8850596
-0.8850596,-0.8850596
-0.8850596,-0.8850596
-0.8850596,-0.8850596
-0.8850596,-0.8850596
-0.8850596,-0.8850596
-0.8850596,-0.8850596
-0.8850596,-0.8850596
-0.8850596,-0.8850596
-0.8850596,-0.8850596
-0.8850596,-0.8850596
-0.8850596,-0.8850596
-0.8850596,-0.8850596
-0.8850596,-0.8850596
-0.8850596,-0.8850596
-0.8850596,-0.8850596
-0.8850596,-0.8850596
-0.8850596,-0.8850596
-0.8850596,-0.8850596
-0.8850596,-0.8850596
-0.8850596,-0.8850596
-0.8850596,-0.8850596
-0.8850596,-0.8850596
-0.8850596,-0.8850596
-0.8850596,-0.8850596
-0.8850596,-0.8850596
-0.8850596,-0.8850596
-0.8850596,-0.8850596
-0.8850596,-0.8850596
-0.8850596,-0.8850596
-0.8713809,-0.8713809
0.44537678,0.44537678
0.44537678,0.44537678
0.44537678,0.44537678
0.44537678,0.44537678
0.44537678,0.44537678
0.44537678,0.44537678
0.44537678,0.44537678
0.44537678,0.44537678
0.44537678,0.44537678
0.44537678,0.44537678
0.44537678,0.44537678
0.44537678,0.44537678
0.44537678,0.44537678
0.44537678,0.44537678
0.44537678,0.44537678
0.44537678,0.44537678
0.44537678,0.44537678
0.44537678,0.44537678
0.44537678,0.44537678
0.44537678,0.44537678
0.44537678,0.44537678
0.44537678,0.44537678
0.44537678,0.44537678
0.44537678,0.44537678
0.44537678,0.44537678
0.44537678,0.44537678
0.44537678,0.44537678
0.44537678,0.44537678
0.44537678,0.44537678
0.44537678,0.44537678
0.44537678,0.44537678
0.44537678,0.44537678
0.44537678,0.44537678
0.44537678,0.44537678
0.44537678,0.44537678
0.44537678,0.44537678
0.44537678,0.44537678
0.44537678,0.44537678
0.44537678,0.44537678
0.44537678,0.44537678
0.44537678,0.44537678
0.44537678,0.44537678
0.44537678,0.44537678
0.44537678,0.44537678
0.44537678,0.44537678
0.44537678,0.44537678
0.44537678,0.44537678
0.44537678,0.44537678
0.44537678,0.44537678
0.44537678,0.44537678
0.44537678,0.44537678
0.44537678,0.44537678
0.44537678,0.44537678
0.44537678,0.44537678
0.44537678,0.44537678
0.44537678,0.44537678
0.44537678,0.44537678
0.44537678,0.44537678
0.44537678,0.44537678
0.44537678,0.44537678
0.44537678,0.44537678
0.44537678,0.44537678
0.44537678,0.44537678
0.44537678,0.44537678
0.44537678,0.44537678
0.44537678,0.44537678
0.44537678,0.44537678
0.44537678,0.44537678
0.44537678,0.44537678
0.44537678,0.44537678
0.44537678,0.44537678
0.44537678,0.44537678
0.44537678,0.44537678
0.44537678,0.44537678
0.44537678,0.44537678
0.44537678,0.44537678
0.44537678,0.44537678
0.44537678,0.44537678
0.44537678,0.44537678
0.44537678,0.44537678
0.44537678,0.44537678
0.44537678,0.44537678
0.44537678,0.44537678
0.44537678,0.44537678
0.44537678,0.44537678
0.44537678,0.44537678
0.44537678,0.44537678
0.44537678,0.44537678
0.44537678,0.44537678
0.44537678,0.44537678
0.44537678,0.44537678
0.44537678,0.44537678
0.44537678,0.44537678
0.44537678,0.44537678
0.44537678,0.44537678
0.44537678,0.44537678
0.44537678,0.44537678
0.44537678,0.44537678
0.44537678,0.44537678
0.44537678,0.44537678
0.44537678,0.44537678
0.44537678,0.44537678
0.44537678,0.44537678
0.44537678,0.44537678
0.44537678,0.44537678
0.44537678,0.44537678
0.44537678,0.44537678
0.44537678,0.44537678
0.44537678,0.44537678
0.44537678,0.44537678
0.44537678,0.44537678
0.44537678,0.44537678
0.44537678,0.44537678
0.44537678,0.44537678
0.44537678,0.44537678
0.44537678,0.44537678
0.44537678,0.44537678
0.44537678,0.44537678
0.44537678,0.44537678
0.44537678,0.44537678
0.44537678,0.44537678
0.44537678,0.44537678
0.44537678,0.44537678
0.44537678,0.44537678
0.44537678,0.44537678
0.44537678,0.44537678
0.44537678,0.44537678
0.44537678,0.44537678
0.44537678,0.44537678
0.44537678,0.44537678
0.44537678,0.44537678
0.44537678,0.44537678
0.44537678,0.44537678
0.44537678,0.44537678
0.44537678,0.44537678
0.44537678,0.44537678
0.44537678,0.44537678
0.44537678,0.44537678
0.44537678,0.44537678
0.44537678,0.44537678
0.44537678,0.44537678
0.44537678,0.44537678
0.44537678,0.44537678
0.44537678,0.44537678
0.44537678,0.44537678
0.44537678,0.44537678
0.44537678,0.44537678
0.44537678,0.44537678
0.44537678,0.44537678
0.44537678,0.44537678
0.44537678,0.44537678
0.44537678,0.44537678
0.44537678,0.44537678
0.44537678,0.44537678
0.44537678,0.44537678
0.44537678,0.44537678
0.44537678,0.44537678
0.44537678,0.44537678
0.44537678,0.44537678
0.44537678,0.44537678
0.44537678,0.44537678
0.44537678,0.44537678
0.44537678,0.44537678
0.44537678,0.44537678
0.44537678,0.44537678
0.44537678,0.44537678
0.44537678,0.44537678
0.44537678,0.44537678
0.44537678,0.44537678
0.44537678,0.44537678
0.44537678,0.44537678
0.44537678,0.44537678
0.44537678,0.44537678
0.44537678,0.44537678
0.44537678,0.44537678
0.44537678,0.44537678
0.44537678,0.44537678
0.44537678,0.44537678
0.44537678,0.44537678
0.44537678,0.44537678
0.44537678,0.44537678
0.44537678,0.44537678
0.44537678,0.44537678
0.44537678,0.44537678
0.44537678,0.44537678
0.44537678,0.44537678
0.44537678,0.44537678
0.44537678,0.44537678
0.44537678,0.44537678
0.44537678,0.44537678
0.44537678,0.44537678
0.44537678,0.44537678
0.44537678,0.44537678
0.44537678,0.44537678
0.44537678,0.44537678
0.44537678,0.44537678
0.44537678,0.44537678
0.44537678,0.44537678
0.44537678,0.44537678
0.44537678,0.44537678
0.44537678,0.44537678
0.44537678,0.44537678
0.44537678,0.44537678
0.44537678,0.44537678
0.7023739,0.7023739
0.7648515,0.7648515
0.7648515,0.7648515
0.7648515,0.7648515
0.7648515,0.7648515
0.7648515,0.7648515
0.7648515,0.7648515
0.7648515,0.7648515
0.7648515,0.7648515
0.7648515,0.7648515
0.7648515,0.7648515
0.7648515,0.7648515
0.7648515,0.7648515
0.7648515,0.7648515
0.7648515,0.7648515
0.7648515,0.7648515
0.7648515,0.7648515
0.7648515,0.7648515
0.7648515,0.7648515
0.7648515,0.7648515
0.7648515,0.7648515
0.7648515,0.7648515
0.7648515,0.7648515
0.7648515,0.7648515
0.7648515,0.7648515
0.7648515,0.7648515
0.7648515,0.7648515
0.7648515,0.7648515
0.7648515,0.7648515
0.7648515,0.7648515
0.7648515,0.7648515
0.7648515,0.7648515
0.7648515,0.7648515
0.7648515,0.7648515
0.7648515,0.7648515
0.7648515,0.7648515
0.7648515,0.7648515
0.7648515,0.7648515
0.7648515,0.7648515
0.7648515,0.7648515
0.7648515,0.7648515
0.7648515,0.7648515
0.7648515,0.7648515
0.7648515,0.7648515
0.7648515,0.7648515
0.7648515,0.7648515
0.7648515,0.7648515
0.7648515,0.7648515
0.7648515,0.7648515
0.7648515,0.7648515
0.7648515,0.7648515
0.7648515,0.7648515
0.7648515,0.7648515
0.7648515,0.7648515
0.7648515,0.7648515
0.7648515,0.7648515
0.7648515,0.7648515
0.7648515,0.7648515
0.7648515,0.7648515
0.7648515,0.7648515
0.7648515,0.7648515
0.7648515,0.7648515
0.7648515,0.7648515
0.7648515,0.7648515
0.7648515,0.7648515
0.7648515,0.7648515
0.7648515,0.7648515
0.7648515,0.7648515
0.7648515,0.7648515
0.7648515,0.7648515
0.7648515,0.7648515
0.7648515,0.7648515
0.7648515,0.7648515
0.7648515,0.7648515
-0.034985602,-0.034985602
-0.034985602,-0.034985602
0.15450749,0.15450749
0.15450749,0.15450749
0.15450749,0.15450749
0.15450749,0.15450749
0.15450749,0.15450749
0.15450749,0.15450749
0.15450749,0.15450749
0.15450749,0.15450749
0.15450749,0.15450749
0.15450749,0.15450749
0.15450749,0.15450749
0.15450749,0.15450749
0.15450749,0.15450749
0.15450749,0.15450749
0.15450749,0.15450749
0.15450749,0.15450749
0.15450749,0.15450749
0.15450749,0.15450749
0.15450749,0.15450749
0.15450749,0.15450749
0.15450749,0.15450749
0.15450749,0.15450749
0.15450749,0.15450749
0.15450749,0.15450749
0.15450749,0.15450749
0.15450749,0.15450749
0.15450749,0.15450749
0.15450749,0.15450749
0.15450749,0.15450749
0.15450749,0.15450749
0.15450749,0.15450749
0.15450749,0.15450749
0.15450749,0.15450749
0.15450749,0.15450749
0.15450749,0.15450749
0.15450749,0.15450749
0.15450749,0.15450749
0.15450749,0.15450749
0.15450749,0.15450749
0.15450749,0.15450749
0.15450749,0.15450749
0.15450749,0.15450749
0.15450749,0.15450749
0.15450749,0.15450749
0.15450749,0.15450749
0.15450749,0.15450749
0.15450749,0.15450749
0.15450749,0.15450749
0.15450749,0.15450749
0.15450749,0.15450749
0.15450749,0.15450749
0.15450749,0.15450749
0.15450749,0.15450749
0.15450749,0.15450749
0.15450749,0.15450749
0.15450749,0.15450749
0.15450749,0.15450749
0.15450749,0.15450749
0.15450749,0.15450749
0.15450749,0.15450749
0.15450749,0.15450749
0.15450749,0.15450749
0.15450749,0.15450749
0.15450749,0.15450749
0.15450749,0.15450749
0.15450749,0.15450749
0.15450749,0.15450749
0.15450749,0.15450749
0.15450749,0.15450749
0.15450749,0.15450749
0.15450749,0.15450749
0.15450749,0.15450749
0.15450749,0.15450749
0.15450749,0.15450749
0.15450749,0.15450749
0.15450749,0.15450749
0.15450749,0.15450749
0.15450749,0.15450749
0.15450749,0.15450749
0.15450749,0.15450749
0.15450749,0.15450749
0.15450749,0.15450749
0.15450749,0.15450749
0.15450749,0.15450749
0.15450749,0.15450749
0.15450749,0.15450749
0.15450749,0.15450749
0.15450749,0.15450749
0.15450749,0.15450749
0.15450749,0.15450749
0.15450749,0.15450749
0.15450749,0.15450749
0.15450749,0.15450749
0.15450749,0.15450749
0.15450749,0.15450749
0.15450749,0.15450749
0.15450749,0.15450749
0.15450749,0.15450749
0.15450749,0.15450749
0.15450749,0.15450749
0.15450749,0.15450749
0.15450749,0.15450749
0.15450749,0.15450749
0.15450749,0.15450749
0.15450749,0.15450749
0.15450749,0.15450749
0.15450749,0.15450749
0.15450749,0.15450749
0.15450749,0.15450749
0.15450749,0.15450749
0.15450749,0.15450749
0.15450749,0.15450749
0.15450749,0.15450749
0.15450749,0.15450749
0.15450749,0.15450749
0.15450749,0.15450749
0.15450749,0.15450749
0.15450749,0.15450749
0.15450749,0.15450749
0.15450749,0.15450749
0.15450749,0.15450749
0.15450749,0.15450749
0.15450749,0.15450749
0.15450749,0.15450749
0.15450749,0.15450749
0.15450749,0.15450749
0.15450749,0.15450749
0.15450749,0.15450749
0.15450749,0.15450749
0.15450749,0.15450749
0.15450749,0.15450749
0.15450749,0.15450749
0.15450749,0.15450749
0.15450749,0.15450749
0.15450749,0.15450749
0.15450749,0.15450749
0.15450749,0.15450749
0.15450749,0.15450749
0.15450749,0.15450749
0.15450749,0.15450749
0.15450749,0.15450749
0.15450749,0.15450749
0.15450749,0.15450749
0.15450749,0.15450749
0.15450749,0.15450749
0.15450749,0.15450749
0.15450749,0.15450749
0.15450749,0.15450749
0.15450749,0.15450749
0.15450749,0.15450749
0.15450749,0.15450749
0.15450749,0.15450749
0.15450749,0.15450749
0.15450749,0.15450749
0.15450749,0.15450749
0.15450749,0.15450749
0.15450749,0.15450749
0.15450749,0.15450749
0.15450749,0.15450749
0.15450749,0.15450749
0.15450749,0.15450749
0.15450749,0.15450749
0.15450749,0.15450749
0.15450749,0.15450749
0.15450749,0.15450749
0.15450749,0.15450749
0.15450749,0.15450749
0.15450749,0.15450749
0.15450749,0.15450749
0.15450749,0.15450749
0.15450749,0.15450749
0.15450749,0.15450749
0.15450749,0.15450749
0.15450749,0.15450749
0.15450749,0.15450749
0.15450749,0.15450749
0.15450749,0.15450749
0.15450749,0.15450749
0.15450749,0.15450749
0.15450749,0.15450749
0.15450749,0.15450749
0.15450749,0.15450749
0.15450749,0.15450749
0.15450749,0.15450749
0.15450749,0.15450749
0.15450749,0.15450749
0.15450749,0.15450749
0.15450749,0.15450749
0.15450749,0.15450749
0.15450749,0.15450749
0.15450749,0.15450749
0.15450749,0.15450749
0.15450749,0.15450749
0.15450749,0.15450749
0.15450749,0.15450749
0.15450749,0.15450749
0.15450749,0.15450749
0.15450749,0.15450749
0.15450749,0.15450749
0.15450749,0.15450749
0.15450749,0.15450749
0.15450749,0.15450749
0.15450749,0.15450749
0.15450749,0.15450749
0.15450749,0.15450749
0.15450749,0.15450749
0.15450749,0.15450749
0.15450749,0.15450749
0.15450749,0.15450749
0.15450749,0.15450749
0.15450749,0.15450749
0.15450749,0.15450749
0.15450749,0.15450749
0.15450749,0.15450749
0.15450749,0.15450749
0.15450749,0.15450749
0.15450749,0.15450749
0.15450749,0.15450749
0.15450749,0.15450749
0.15450749,0.15450749
0.15450749,0.15450749
0.15450749,0.15450749
0.15450749,0.15450749
0.15450749,0.15450749
0.15450749,0.15450749
0.15450749,0.15450749
0.15450749,0.15450749
0.15450749,0.15450749
0.15450749,0.15450749
0.15450749,0.15450749
0.15450749,0.15450749
0.15450749,0.15450749
0.15450749,0.15450749
0.15450749,0.15450749
0.15450749,0.15450749
0.15450749,0.15450749
0.15450749,0.15450749
0.15450749,0.15450749
0.15450749,0.15450749
0.15450749,0.15450749
0.15450749,0.15450749
0.15450749,0.15450749
0.15450749,0.15450749
0.15450749,0.15450749
0.15450749,0.15450749
0.15450749,0.15450749
0.15450749,0.15450749
0.15450749,0.15450749
0.15450749,0.15450749
0.15450749,0.15450749
0.15450749,0.15450749
0.15450749,0.15450749
0.15450749,0.15450749
0.15450749,0.15450749
0.15450749,0.15450749
0.15450749,0.15450749
0.15450749,0.15450749
0.15450749,0.15450749
0.15450749,0.15450749
0.15450749,0.15450749
0.15450749,0.15450749
0.15450749,0.15450749
0.15450749,0.15450749
0.15450749,0.15450749
0.15450749,0.15450749
0.15450749,0.15450749
0.15450749,0.15450749
0.15450749,0.15450749
0.15450749,0.15450749
0.15450749,0.15450749
0.15450749,0.15450749
0.15450749,0.15450749
0.15450749,0.15450749
0.15450749,0.15450749
0.15450749,0.15450749
0.15450749,0.15450749
0.15450749,0.15450749
0.15450749,0.15450749
0.15450749,0.15450749
0.15450749,0.15450749
0.15450749,0.15450749
0.15450749,0.15450749
0.15450749,0.15450749
0.15450749,0.15450749
0.15450749,0.15450749
0.15450749,0.15450749
0.15450749,0.15450749
0.15450749,0.15450749
0.15450749,0.15450749
0.15450749,0.15450749
0.15450749,0.15450749
0.15450749,0.15450749
0.15450749,0.15450749
0.15450749,0.15450749
0.15450749,0.15450749
0.15450749,0.15450749
0.15450749,0.15450749
0.15450749,0.15450749
0.15450749,0.15450749
0.15450749,0.15450749
0.15450749,0.15450749
0.15450749,0.15450749
0.15450749,0.15450749
0.15450749,0.15450749
0.15450749,0.15450749
0.15450749,0.15450749
0.15450749,0.15450749
0.15450749,0.15450749
0.15450749,0.15450749
0.15450749,0.15450749
0.15450749,0.15450749
0.15450749,0.15450749
0.15450749,0.15450749
0.15450749,0.15450749
0.15450749,0.15450749
0.15450749,0.15450749
0.15450749,0.15450749
0.15450749,0.15450749
0.15450749,0.15450749
0.15450749,0.15450749
0.15450749,0.15450749
0.15450749,0.15450749
0.15450749,0.15450749
0.15450749,0.15450749
0.15450749,0.15450749
0.15450749,0.15450749
0.15450749,0.15450749
0.15450749,0.15450749
0.15450749,0.15450749
0.15450749,0.15450749
0.15450749,0.15450749
0.15450749,0.15450749
0.15450749,0.15450749
0.15450749,0.15450749
0.15450749,0.15450749
0.15450749,0.15450749
0.15450749,0.15450749
0.15450749,0.15450749
0.15450749,0.15450749
0.15450749,0.15450749
0.15450749,0.15450749
0.15450749,0.15450749
0.15450749,0.15450749
0.15450749,0.15450749
0.15450749,0.15450749
0.15450749,0.15450749
0.15450749,0.15450749
0.15450749,0.15450749
0.15450749,0.15450749
0.15450749,0.15450749
0.15450749,0.15450749
0.15450749,0.15450749
0.15450749,0.15450749
0.15450749,0.15450749
0.15450749,0.15450749
0.15450749,0.15450749
0.15450749,0.15450749
0.15450749,0.15450749
0.15450749,0.15450749
0.15450749,0.15450749
0.15450749,0.15450749
0.15450749,0.15450749
0.15450749,0.15450749
0.15450749,0.15450749
0.15450749,0.15450749
0.15450749,0.15450749
0.15450749,0.15450749
0.15450749,0.15450749
0.15450749,0.15450749
0.15450749,0.15450749
0.15450749,0.15450749
0.15450749,0.15450749
0.15450749,0.15450749
0.15450749,0.15450749
0.15450749,0.15450749
0.15450749,0.15450749
0.15450749,0.15450749
0.15450749,0.15450749
0.15450749,0.15450749
0.15450749,0.15450749
0.15450749,0.15450749
0.15450749,0.15450749
0.15450749,0.15450749
0.15450749,0.15450749
0.15450749,0.15450749
0.15450749,0.15450749
0.15450749,0.15450749
0.15450749,0.15450749
0.15450749,0.15450749
0.15450749,0.15450749
0.15450749,0.15450749
0.15450749,0.15450749
0.15450749,0.15450749
0.15450749,0.15450749
0.15450749,0.15450749
0.15450749,0.15450749
0.15450749,0.15450749
0.15450749,0.15450749
0.15450749,0.15450749
0.15450749,0.15450749
0.15450749,0.15450749
0.15450749,0.15450749
0.15450749,0.15450749
0.15450749,0.15450749
0.15450749,0.15450749
0.15450749,0.15450749
0.15450749,0.15450749
0.15450749,0.15450749
0.15450749,0.15450749
0.15450749,0.15450749
0.15450749,0.15450749
0.15450749,0.15450749
0.15450749,0.15450749
0.15450749,0.15450749
0.15450749,0.15450749
0.15450749,0.15450749
0.15450749,0.15450749
0.15450749,0.15450749
0.15450749,0.15450749
0.15450749,0.15450749
0.15450749,0.15450749
0.15450749,0.15450749
0.15450749,0.15450749
0.15450749,0.15450749
0.15450749,0.15450749
0.15450749,0.15450749
0.15450749,0.15450749
0.15450749,0.15450749
0.15450749,0.15450749
0.15450749,0.15450749
0.15450749,0.15450749
0.15450749,0.15450749
0.15450749,0.15450749
0.15450749,0.15450749
0.15450749,0.15450749
0.15450749,0.15450749
0.15450749,0.15450749
0.15450749,0.15450749
0.15450749,0.15450749
0.15450749,0.15450749
0.15450749,0.15450749
0.15450749,0.15450749
0.15450749,0.15450749
0.15450749,0.15450749
0.15450749,0.15450749
0.15450749,0.15450749
0.15450749,0.15450749
0.15450749,0.15450749
0.15450749,0.15450749
0.15450749,0.15450749
0.15450749,0.15450749
0.15450749,0.15450749
0.15450749,0.15450749
0.15450749,0.15450749
0.15450749,0.15450749
0.15450749,0.15450749
0.15450749,0.15450749
0.15450749,0.15450749
0.15450749,0.15450749
0.15450749,0.15450749
0.15450749,0.15450749
0.15450749,0.15450749
0.15450749,0.15450749
0.15450749,0.15450749
0.15450749,0.15450749
0.15450749,0.15450749
0.15450749,0.15450749
0.15450749,0.15450749
0.15450749,0.15450749
0.15450749,0.15450749
0.15450749,0.15450749
0.15450749,0.15450749
0.15450749,0.15450749
0.15450749,0.15450749
0.15450749,0.15450749
0.15450749,0.15450749
0.15450749,0.15450749
0.15450749,0.15450749
0.15450749,0.15450749
0.15450749,0.15450749
0.15450749,0.15450749
0.15450749,0.15450749
0.15450749,0.15450749
0.15450749,0.15450749
0.15450749,0.15450749
0.15450749,0.15450749
0.15450749,0.15450749
0.15450749,0.15450749
0.15450749,0.15450749
0.15450749,0.15450749
0.15450749,0.15450749
0.15450749,0.15450749
0.15450749,0.15450749
0.15450749,0.15450749
0.15450749,0.15450749
0.15450749,0.15450749
0.15450749,0.15450749
0.15450749,0.15450749
0.15450749,0.15450749
0.15450749,0.15450749
0.15450749,0.15450749
0.15450749,0.15450749
0.15450749,0.15450749
0.15450749,0.15450749
0.15450749,0.15450749
0.15450749,0.15450749
0.15450749,0.15450749
0.15450749,0.15450749
0.15450749,0.15450749
0.15450749,0.15450749
0.15450749,0.15450749
-0.034985602,-0.034985602
-0.034985602,-0.034985602
-0.034985602,-0.034985602
-0.034985602,-0.034985602
-0.034985602,-0.034985602
-0.034985602,-0.034985602
-0.034985602,-0.034985602
-0.034985602,-0.034985602
-0.034985602,-0.034985602
-0.034985602,-0.034985602
-0.034985602,-0.034985602
-0.034985602,-0.034985602
-0.034985602,-0.034985602
-0.034985602,-0.034985602
-0.034985602,-0.034985602
-0.034985602,-0.034985602
-0.034985602,-0.034985602
-0.034985602,-0.034985602
-0.034985602,-0.034985602
-0.034985602,-0.034985602
-0.034985602,-0.034985602
-0.034985602,-0.034985602
-0.034985602,-0.034985602
-0.034985602,-0.034985602
-0.034985602,-0.034985602
-0.034985602,-0.034985602
-0.034985602,-0.034985602
-0.034985602,-0.034985602
-0.57237625,-0.57237625
-0.57237625,-0.57237625
-0.57237625,-0.57237625
-0.57237625,-0.57237625
-0.57237625,-0.57237625
-0.57237625,-0.57237625
-0.57237625,-0.57237625
-0.57237625,-0.57237625
-0.57237625,-0.57237625
-0.57237625,-0.57237625
-0.57237625,-0.57237625
-0.57237625,-0.57237625
-0.57237625,-0.57237625
-0.57237625,-0.57237625
-0.57237625,-0.57237625
-0.57237625,-0.57237625
-0.57237625,-0.57237625
-0.57237625,-0.57237625
-0.57237625,-0.57237625
-0.57237625,-0.57237625
-0.57237625,-0.57237625
-0.57237625,-0.57237625
-0.57237625,-0.57237625
-0.57237625,-0.57237625
-0.57237625,-0.57237625
-0.57237625,-0.57237625
-0.57237625,-0.57237625
-0.57237625,-0.57237625
-0.57237625,-0.57237625
-0.57237625,-0.57237625
-0.57237625,-0.57237625
-0.57237625,-0.57237625
-0.57237625,-0.57237625
-0.57237625,-0.57237625
-0.57237625,-0.57237625
-0.57237625,-0.57237625
-0.57237625,-0.57237625
-0.57237625,-0.57237625
-0.57237625,-0.57237625
-0.57237625,-0.57237625
-0.57237625,-0.57237625
-0.57237625,-0.57237625
-0.57237625,-0.57237625
-0.57237625,-0.57237625
-0.57237625,-0.57237625
-0.57237625,-0.57237625
-0.57237625,-0.57237625
-0.57237625,-0.57237625
-0.57237625,-0.57237625
-0.57237625,-0.57237625
-0.57237625,-0.57237625
-0.57237625,-0.57237625
-0.57237625,-0.57237625
-0.57237625,-0.57237625
-0.57237625,-0.57237625
-0.57237625,-0.57237625
-0.57237625,-0.57237625
-0.57237625,-0.57237625
-0.57237625,-0.57237625
-0.57237625,-0.57237625
-0.57237625,-0.57237625
-0.57237625,-0.57237625
-0.57237625,-0.57237625
-0.57237625,-0.57237625
-0.57237625,-0.57237625
-0.57237625,-0.57237625
-0.57237625,-0.57237625
-0.57237625,-0.57237625
-0.57237625,-0.57237625
-0.57237625,-0.57237625
-0.57237625,-0.57237625
-0.57237625,-0.57237625
-0.57237625,-0.57237625
-0.57237625,-0.57237625
-0.57237625,-0.57237625
-0.57237625,-0.57237625
-0.57237625,-0.57237625
-0.57237625,-0.57237625
-0.57237625,-0.57237625
-0.57237625,-0.57237625
-0.57237625,-0.57237625
-0.57237625,-0.57237625
-0.57237625,-0.57237625
-0.57237625,-0.57237625
-0.57237625,-0.57237625
-0.57237625,-0.57237625
-0.57237625,-0.57237625
-0.57237625,-0.57237625
-0.57237625,-0.57237625
-0.57237625,-0.57237625
-0.57237625,-0.57237625
-0.57237625,-0.57237625
-0.57237625,-0.57237625
-0.57237625,-0.57237625
-0.57237625,-0.57237625
-0.57237625,-0.57237625
-0.57237625,-0.57237625
-0.57237625,-0.57237625
-0.57237625,-0.57237625
-0.034985602,-0.034985602
-0.034985602,-0.034985602
-0.034985602,-0.034985602
-0.034985602,-0.034985602
-0.8437904,-0.8437904
-0.8437904,-0.8437904
-0.8437904,-0.8437904
-0.8437904,-0.8437904
-0.8437904,-0.8437904
-0.8437904,-0.8437904
-0.8437904,-0.8437904
-0.8437904,-0.8437904
-0.8437904,-0.8437904
-0.8437904,-0.8437904
-0.8437904,-0.8437904
-0.8437904,-0.8437904
-0.8437904,-0.8437904
-0.8437904,-0.8437904
-0.8437904,-0.8437904
-0.8437904,-0.8437904
-0.8437904,-0.8437904
-0.8437904,-0.8437904
-0.8437904,-0.8437904
-0.8437904,-0.8437904
-0.8437904,-0.8437904
-0.8437904,-0.8437904
-0.8437904,-0.8437904
-0.8437904,-0.8437904
-0.8437904,-0.8437904
-0.034985602,-0.034985602
-0.034985602,-0.034985602
-0.034985602,-0.034985602
-0.034985602,-0.034985602
-0.034985602,-0.034985602
-0.034985602,-0.034985602
-0.034985602,-0.034985602
-0.034985602,-0.034985602
-0.034985602,-0.034985602
-0.034985602,-0.034985602
-0.034985602,-0.034985602
-0.034985602,-0.034985602
-0.034985602,-0.034985602
-0.034985602,-0.034985602
-0.034985602,-0.034985602
-0.034985602,-0.034985602
-0.034985602,-0.034985602
-0.034985602,-0.034985602
-0.034985602,-0.034985602
-0.034985602,-0.034985602
-0.034985602,-0.034985602
-0.034985602,-0.034985602
-0.034985602,-0.034985602
-0.034985602,-0.034985602
-0.034985602,-0.034985602
-0.034985602,-0.034985602
-0.70530194,-0.70530194
-0.70530194,-0.70530194
-0.70530194,-0.70530194
-0.70530194,-0.70530194
-0.70530194,-0.70530194
-0.70530194,-0.70530194
-0.70530194,-0.70530194
-0.70530194,-0.70530194
-0.70530194,-0.70530194
-0.70530194,-0.70530194
-0.70530194,-0.70530194
-0.70530194,-0.70530194
-0.70530194,-0.70530194
-0.70530194,-0.70530194
-0.70530194,-0.70530194
-0.70530194,-0.70530194
-0.70530194,-0.70530194
-0.70530194,-0.70530194
-0.70530194,-0.70530194
-0.70530194,-0.70530194
-0.70530194,-0.70530194
-0.70530194,-0.70530194
-0.70530194,-0.70530194
-0.70530194,-0.70530194
-0.70530194,-0.70530194
-0.70530194,-0.70530194
-0.70530194,-0.70530194
-0.70530194,-0.70530194
-0.70530194,-0.70530194
-0.70530194,-0.70530194
-0.70530194,-0.70530194
-0.70530194,-0.70530194
-0.70530194,-0.70530194
-0.70530194,-0.70530194
-0.70530194,-0.70530194
-0.70530194,-0.70530194
-0.70530194,-0.70530194
-0.70530194,-0.70530194
-0.70530194,-0.70530194
-0.70530194,-0.70530194
-0.70530194,-0.70530194
-0.70530194,-0.70530194
-0.70530194,-0.70530194
-0.70530194,-0.70530194
-0.70530194,-0.70530194
-0.70530194,-0.70530194
-0.70530194,-0.70530194
-0.70530194,-0.70530194
-0.70530194,-0.70530194
-0.70530194,-0.70530194
-0.70530194,-0.70530194
-0.70530194,-0.70530194
-0.70530194,-0.70530194
-0.70530194,-0.70530194
-0.70530194,-0.70530194
-0.70530194,-0.70530194
-0.70530194,-0.70530194
-0.70530194,-0.70530194
-0.70530194,-0.70530194
-0.70530194,-0.70530194
-0.70530194,-0.70530194
-0.70530194,-0.70530194
-0.70530194,-0.70530194
-0.70530194,-0.70530194
-0.70530194,-0.70530194
-0.70530194,-0.70530194
-0.70530194,-0.70530194
-0.70530194,-0.70530194
-0.70530194,-0.70530194
-0.70530194,-0.70530194
-0.70530194,-0.70530194
-0.70530194,-0.70530194
-0.70530194,-0.70530194
-0.70530194,-0.70530194
-0.70530194,-0.70530194
-0.70530194,-0.70530194
-0.70530194,-0.70530194
-0.70530194,-0.70530194
-0.70530194,-0.70530194
-0.70530194,-0.70530194
-0.70530194,-0.70530194
-0.70530194,-0.70530194
-0.70530194,-0.70530194
-0.70530194,-0.70530194
-0.70530194,-0.70530194
-0.70530194,-0.70530194
-0.70530194,-0.70530194
-0.70530194,-0.70530194
-0.70530194,-0.70530194
-0.70530194,-0.70530194
-0.70530194,-0.70530194
-0.70530194,-0.70530194
-0.70530194,-0.70530194
-0.70530194,-0.70530194
-0.70530194,-0.70530194
-0.70530194,-0.70530194
-0.70530194,-0.70530194
-0.70530194,-0.70530194
-0.70530194,-0.70530194
-0.70530194,-0.70530194
-0.70530194,-0.70530194
-0.70530194,-0.70530194
-0.70530194,-0.70530194
-0.70530194,-0.70530194
-0.70530194,-0.70530194
-0.70530194,-0.70530194
-0.70530194,-0.70530194
-0.70530194,-0.70530194
-0.70530194,-0.70530194
-0.70530194,-0.70530194
-0.70530194,-0.70530194
-0.70530194,-0.70530194
-0.70530194,-0.70530194
-0.70530194,-0.70530194
-0.70530194,-0.70530194
-0.70530194,-0.70530194
-0.70530194,-0.70530194
-0.70530194,-0.70530194
-0.70530194,-0.70530194
-0.70530194,-0.70530194
-0.70530194,-0.70530194
-0.70530194,-0.70530194
-0.70530194,-0.70530194
-0.70530194,-0.70530194
-0.70530194,-0.70530194
-0.70530194,-0.70530194
-0.70530194,-0.70530194
-0.70530194,-0.70530194
-0.70530194,-0.70530194
-0.70530194,-0.70530194
-0.70530194,-0.70530194
-0.70530194,-0.70530194
-0.70530194,-0.70530194
-0.70530194,-0.70530194
-0.70530194,-0.70530194
-0.70530194,-0.70530194
-0.70530194,-0.70530194
-0.70530194,-0.70530194
-0.70530194,-0.70530194
-0.70530194,-0.70530194
-0.70530194,-0.70530194
-0.70530194,-0.70530194
-0.70530194,-0.70530194
-0.70530194,-0.70530194
-0.70530194,-0.70530194
-0.70530194,-0.70530194
-0.70530194,-0.70530194
-0.70530194,-0.70530194
-0.70530194,-0.70530194
-0.70530194,-0.70530194
-0.70530194,-0.70530194
-0.70530194,-0.70530194
-0.70530194,-0.70530194
-0.70530194,-0.70530194
-0.70530194,-0.70530194
-0.70530194,-0.70530194
-0.70530194,-0.70530194
-0.70530194,-0.70530194
-0.70530194,-0.70530194
-0.70530194,-0.70530194
-0.70530194,-0.70530194
-0.70530194,-0.70530194
-0.70530194,-0.70530194
-0.70530194,-0.70530194
-0.70530194,-0.70530194
-0.70530194,-0.70530194
-0.70530194,-0.70530194
-0.70530194,-0.70530194
-0.70530194,-0.70530194
-0.70530194,-0.70530194
-0.70530194,-0.70530194
-0.70530194,-0.70530194
-0.70530194,-0.70530194
-0.70530194,-0.70530194
-0.70530194,-0.70530194
-0.70530194,-0.70530194
-0.70530194,-0.70530194
-0.70530194,-0.70530194
-0.70530194,-0.70530194
-0.70530194,-0.70530194
-0.70530194,-0.70530194
-0.70530194,-0.70530194
-0.70530194,-0.70530194
-0.70530194,-0.70530194
-0.70530194,-0.70530194
-0.70530194,-0.70530194
-0.70530194,-0.70530194
-0.70530194,-0.70530194
-0.70530194,-0.70530194
-0.70530194,-0.70530194
-0.70530194,-0.70530194
-0.70530194,-0.70530194
-0.70530194,-0.70530194
-0.70530194,-0.70530194
-0.70530194,-0.70530194
-0.70530194,-0.70530194
-0.70530194,-0.70530194
-0.70530194,-0.70530194
-0.70530194,-0.70530194
-0.70530194,-0.70530194
-0.70530194,-0.70530194
-0.70530194,-0.70530194
-0.70530194,-0.70530194
-0.70530194,-0.70530194
-0.70530194,-0.70530194
-0.70530194,-0.70530194
-0.70530194,-0.70530194
-0.70530194,-0.70530194
-0.70530194,-0.70530194
-0.70530194,-0.70530194
-0.70530194,-0.70530194
-0.70530194,-0.70530194
-0.70530194,-0.70530194
-0.70530194,-0.70530194
-0.70530194,-0.70530194
-0.70530194,-0.70530194
-0.70530194,-0.70530194
-0.70530194,-0.70530194
-0.70530194,-0.70530194
-0.70530194,-0.70530194
-0.70530194,-0.70530194
-0.70530194,-0.70530194
-0.70530194,-0.70530194
-0.70530194,-0.70530194
-0.70530194,-0.70530194
-0.70530194,-0.70530194
-0.70530194,-0.70530194
-0.70530194,-0.70530194
-0.70530194,-0.70530194
-0.70530194,-0.70530194
-0.70530194,-0.70530194
-0.70530194,-0.70530194
-0.70530194,-0.70530194
-0.70530194,-0.70530194
-0.70530194,-0.70530194
-0.70530194,-0.70530194
-0.70530194,-0.70530194
-0.70530194,-0.70530194
-0.70530194,-0.70530194
-0.70530194,-0.70530194
-0.70530194,-0.70530194
-0.70530194,-0.70530194
-0.70530194,-0.70530194
-0.70530194,-0.70530194
-0.70530194,-0.70530194
-0.70530194,-0.70530194
-0.70530194,-0.70530194
-0.70530194,-0.70530194
-0.70530194,-0.70530194
-0.70530194,-0.70530194
-0.70530194,-0.70530194
-0.70530194,-0.70530194
-0.70530194,-0.70530194
-0.70530194,-0.70530194
-0.70530194,-0.70530194
-0.70530194,-0.70530194
-0.70530194,-0.70530194
-0.70530194,-0.70530194
-0.70530194,-0.70530194
-0.70530194,-0.70530194
-0.70530194,-0.70530194
-0.70530194,-0.70530194
-0.70530194,-0.70530194
-0.70530194,-0.70530194
-0.70530194,-0.70530194
-0.70530194,-0.70530194
-0.70530194,-0.70530194
-0.70530194,-0.70530194
-0.70530194,-0.70530194
-0.70530194,-0.70530194
-0.70530194,-0.70530194
-0.70530194,-0.70530194
-0.70530194,-0.70530194
-0.70530194,-0.70530194
-0.70530194,-0.70530194
-0.70530194,-0.70530194
-0.70530194,-0.70530194
-0.70530194,-0.70530194
-0.70530194,-0.70530194
-0.70530194,-0.70530194
-0.70530194,-0.70530194
-0.70530194,-0.70530194
-0.70530194,-0.70530194
-0.70530194,-0.70530194
-0.70530194,-0.70530194
-0.70530194,-0.70530194
-0.70530194,-0.70530194
-0.70530194,-0.70530194
-0.70530194,-0.70530194
-0.70530194,-0.70530194
-0.70530194,-0.70530194
-0.70530194,-0.70530194
-0.70530194,-0.70530194
-0.70530194,-0.70530194
-0.70530194,-0.70530194
-0.70530194,-0.70530194
-0.70530194,-0.70530194
-0.70530194,-0.70530194
-0.70530194,-0.70530194
-0.70530194,-0.70530194
-0.70530194,-0.70530194
-0.70530194,-0.70530194
-0.70530194,-0.70530194
-0.70530194,-0.70530194
-0.70530194,-0.70530194
-0.70530194,-0.70530194
-0.70530194,-0.70530194
-0.70530194,-0.70530194
-0.70530194,-0.70530194
-0.70530194,-0.70530194
-0.70530194,-0.70530194
-0.70530194,-0.70530194
-0.70530194,-0.70530194
-0.70530194,-0.70530194
-0.70530194,-0.70530194
-0.70530194,-0.70530194
-0.70530194,-0.70530194
-0.70530194,-0.70530194
-0.70530194,-0.70530194
-0.70530194,-0.70530194
-0.70530194,-0.70530194
-0.70530194,-0.70530194
-0.70530194,-0.70530194
-0.70530194,-0.70530194
-0.70530194,-0.70530194
-0.70530194,-0.70530194
-0.70530194,-0.70530194
-0.70530194,-0.70530194
-0.70530194,-0.70530194
-0.70530194,-0.70530194
-0.70530194,-0.70530194
-0.70530194,-0.70530194
-0.70530194,-0.70530194
-0.70530194,-0.70530194
-0.70530194,-0.70530194
-0.70530194,-0.70530194
-0.70530194,-0.70530194
-0.70530194,-0.70530194
-0.70530194,-0.70530194
-0.70530194,-0.70530194
-0.70530194,-0.70530194
-0.70530194,-0.70530194
-0.70530194,-0.70530194
-0.70530194,-0.70530194
-0.70530194,-0.70530194
-0.70530194,-0.70530194
-0.70530194,-0.70530194
-0.70530194,-0.70530194
-0.70530194,-0.70530194
-0.70530194,-0.70530194
-0.70530194,-0.70530194
-0.70530194,-0.70530194
-0.70530194,-0.70530194
-0.70530194,-0.70530194
-0.70530194,-0.70530194
-0.70530194,-0.70530194
-0.70530194,-0.70530194
-0.034985602,-0.034985602
-0.034985602,-0.034985602
-0.034985602,-0.034985602
-0.034985602,-0.034985602
-0.034985602,-0.034985602
-0.034985602,-0.034985602
-0.034985602,-0.034985602
-0.034985602,-0.034985602
-0.034985602,-0.034985602
-0.034985602,-0.034985602
-0.034985602,-0.034985602
-0.034985602,-0.034985602
-0.034985602,-0.034985602
-0.034985602,-0.034985602
-0.034985602,-0.034985602
-0.034985602,-0.034985602
-0.034985602,-0.034985602
-0.034985602,-0.034985602
-0.034985602,-0.034985602
-0.034985602,-0.034985602
-0.034985602,-0.034985602
-0.034985602,-0.034985602
-0.034985602,-0.034985602
-0.034985602,-0.034985602
-0.034985602,-0.034985602
-0.034985602,-0.034985602
-0.034985602,-0.034985602
-0.034985602,-0.034985602
-0.034985602,-0.034985602
-0.034985602,-0.034985602
-0.034985602,-0.034985602
-0.034985602,-0.034985602
-0.034985602,-0.034985602
-0.034985602,-0.034985602
-0.034985602,-0.034985602
-0.034985602,-0.034985602
-0.034985602,-0.034985602
-0.034985602,-0.034985602
-0.034985602,-0.034985602
-0.034985602,-0.034985602
-0.034985602,-0.034985602
-0.034985602,-0.034985602
-0.034985602,-0.034985602
-0.034985602,-0.034985602
-0.034985602,-0.034985602
-0.034985602,-0.034985602
-0.034985602,-0.034985602
-0.034985602,-0.034985602
-0.034985602,-0.034985602
-0.034985602,-0.034985602
-0.034985602,-0.034985602
-0.034985602,-0.034985602
-0.034985602,-0.034985602
-0.034985602,-0.034985602
-0.034985602,-0.034985602
-0.034985602,-0.034985602
-0.034985602,-0.034985602
-0.034985602,-0.034985602
-0.034985602,-0.034985602
-0.034985602,-0.034985602
-0.034985602,-0.034985602
-0.034985602,-0.034985602
-0.034985602,-0.034985602
-0.034985602,-0.034985602
-0.034985602,-0.034985602
-0.034985602,-0.034985602
-0.034985602,-0.034985602
-0.034985602,-0.034985602
-0.034985602,-0.034985602
-0.034985602,-0.034985602
-0.034985602,-0.034985602
-0.034985602,-0.034985602
-0.034985602,-0.034985602
-0.034985602,-0.034985602
-0.034985602,-0.034985602
-0.034985602,-0.034985602
-0.034985602,-0.034985602
-0.034985602,-0.034985602
-0.034985602,-0.034985602
-0.034985602,-0.034985602
-0.034985602,-0.034985602
-0.034985602,-0.034985602
-0.034985602,-0.034985602
-0.034985602,-0.034985602
-0.034985602,-0.034985602
-0.034985602,-0.034985602
-0.034985602,-0.034985602
-0.034985602,-0.034985602
-0.034985602,-0.034985602
-0.034985602,-0.034985602
-0.034985602,-0.034985602
-0.034985602,-0.034985602
-0.034985602,-0.034985602
-0.034985602,-0.034985602
-0.034985602,-0.034985602
-0.034985602,-0.034985602
-0.034985602,-0.034985602
-0.034985602,-0.034985602
-0.034985602,-0.034985602
-0.034985602,-0.034985602
-0.034985602,-0.034985602
-0.034985602,-0.034985602
-0.034985602,-0.034985602
-0.034985602,-0.034985602
-0.034985602,-0.034985602
-0.034985602,-0.034985602
-0.034985602,-0.034985602
-0.034985602,-0.034985602
-0.034985602,-0.034985602
-0.034985602,-0.034985602
-0.034985602,-0.034985602
-0.034985602,-0.034985602
-0.034985602,-0.034985602
-0.034985602,-0.034985602
-0.034985602,-0.034985602
-0.034985602,-0.034985602
-0.034985602,-0.034985602
-0.034985602,-0.034985602
-0.034985602,-0.034985602
-0.034985602,-0.034985602
-0.034985602,-0.034985602
-0.034985602,-0.034985602
-0.034985602,-0.034985602
-0.034985602,-0.034985602
-0.034985602,-0.034985602
-0.034985602,-0.034985602
-0.034985602,-0.034985602
-0.034985602,-0.034985602
-0.034985602,-0.034985602
-0.034985602,-0.034985602
-0.034985602,-0.034985602
-0.034985602,-0.034985602
-0.034985602,-0.034985602
-0.034985602,-0.034985602
-0.034985602,-0.034985602
-0.034985602,-0.034985602
-0.034985602,-0.034985602
-0.034985602,-0.034985602
-0.034985602,-0.034985602
-0.034985602,-0.034985602
-0.034985602,-0.034985602
-0.034985602,-0.034985602
-0.034985602,-0.034985602
-0.034985602,-0.034985602
-0.034985602,-0.034985602
-0.034985602,-0.034985602
-0.034985602,-0.034985602
-0.034985602,-0.034985602
-0.034985602,-0.034985602
-0.034985602,-0.034985602
-0.034985602,-0.034985602
-0.034985602,-0.034985602
-0.034985602,-0.034985602
-0.034985602,-0.034985602
-0.034985602,-0.034985602
-0.034985602,-0.034985602
-0.034985602,-0.034985602
-0.034985602,-0.034985602
-0.034985602,-0.034985602
-0.034985602,-0.034985602
-0.034985602,-0.034985602
-0.034985602,-0.034985602
-0.034985602,-0.034985602
-0.034985602,-0.034985602
-0.034985602,-0.034985602
-0.034985602,-0.034985602
-0.034985602,-0.034985602
-0.034985602,-0.034985602
-0.034985602,-0.034985602
-0.034985602,-0.034985602
-0.034985602,-0.034985602
-0.034985602,-0.034985602
-0.034985602,-0.034985602
-0.034985602,-0.034985602
-0.034985602,-0.034985602
-0.034985602,-0.034985602
-0.034985602,-0.034985602
-0.034985602,-0.034985602
0.0014578402,0.0014578402
0.0014578402,0.0014578402
0.0014578402,0.0014578402
0.0014578402,0.0014578402
0.0014578402,0.0014578402
0.0014578402,0.0014578402
0.0014578402,0.0014578402
0.0014578402,0.0014578402
0.0014578402,0.0014578402
0.0014578402,0.0014578402
0.0014578402,0.0014578402
0.0014578402,0.0014578402
0.0014578402,0.0014578402
0.0014578402,0.0014578402
0.0014578402,0.0014578402
0.0014578402,0.0014578402
0.0014578402,0.0014578402
0.0014578402,0.0014578402
0.0014578402,0.0014578402
0.0014578402,0.0014578402
0.0014578402,0.0014578402
-0.034985602,-0.034985602
-0.034985602,-0.034985602
-0.034985602,-0.034985602
-0.034985602,-0.034985602
-0.034985602,-0.034985602
-0.034985602,-0.034985602
-0.034985602,-0.034985602
-0.034985602,-0.034985602
-0.034985602,-0.034985602
-0.034985602,-0.034985602
-0.034985602,-0.034985602
-0.034985602,-0.034985602
-0.034985602,-0.034985602
-0.034985602,-0.034985602
-0.034985602,-0.034985602
-0.034985602,-0.034985602
-0.034985602,-0.034985602
-0.034985602,-0.034985602
-0.034985602,-0.034985602
-0.034985602,-0.034985602
-0.034985602,-0.034985602
-0.034985602,-0.034985602
-0.034985602,-0.034985602
-0.034985602,-0.034985602
-0.034985602,-0.034985602
-0.034985602,-0.034985602
-0.034985602,-0.034985602
-0.034985602,-0.034985602
-0.034985602,-0.034985602
-0.034985602,-0.034985602
-0.034985602,-0.034985602
-0.034985602,-0.034985602
-0.034985602,-0.034985602
-0.034985602,-0.034985602
-0.034985602,-0.034985602
-0.034985602,-0.034985602
-0.034985602,-0.034985602
-0.034985602,-0.034985602
-0.034985602,-0.034985602
-0.034985602,-0.034985602
-0.034985602,-0.034985602
-0.034985602,-0.034985602
-0.034985602,-0.034985602
-0.034985602,-0.034985602
-0.034985602,-0.034985602
-0.034985602,-0.034985602
-0.034985602,-0.034985602
-0.034985602,-0.034985602
-0.034985602,-0.034985602
-0.034985602,-0.034985602
-0.034985602,-0.034985602
-0.034985602,-0.034985602
-0.034985602,-0.034985602
-0.034985602,-0.034985602
-0.034985602,-0.034985602
-0.034985602,-0.034985602
-0.034985602,-0.034985602
-0.034985602,-0.034985602
-0.034985602,-0.034985602
-0.034985602,-0.034985602
-0.034985602,-0.034985602
-0.034985602,-0.034985602
-0.034985602,-0.034985602
-0.034985602,-0.034985602
-0.034985602,-0.034985602
-0.034985602,-0.034985602
-0.034985602,-0.034985602
-0.034985602,-0.034985602
-0.034985602,-0.034985602
-0.034985602,-0.034985602
-0.034985602,-0.034985602
-0.034985602,-0.034985602
-0.034985602,-0.034985602
-0.034985602,-0.034985602
-0.034985602,-0.034985602
-0.034985602,-0.034985602
-0.034985602,-0.034985602
-0.034985602,-0.034985602
-0.034985602,-0.034985602
-0.034985602,-0.034985602
-0.034985602,-0.034985602
-0.034985602,-0.034985602
-0.034985602,-0.034985602
-0.034985602,-0.034985602
-0.034985602,-0.034985602
-0.034985602,-0.034985602
-0.034985602,-0.034985602
-0.034985602,-0.034985602
-0.034985602,-0.034985602
-0.034985602,-0.034985602
-0.034985602,-0.034985602
-0.034985602,-0.034985602
-0.034985602,-0.034985602
-0.034985602,-0.034985602
-0.034985602,-0.034985602
-0.034985602,-0.034985602
-0.034985602,-0.034985602
-0.034985602,-0.034985602
-0.034985602,-0.034985602
-0.034985602,-0.034985602
-0.034985602,-0.034985602
-0.034985602,-0.034985602
-0.034985602,-0.034985602
-0.034985602,-0.034985602
-0.034985602,-0.034985602
-0.034985602,-0.034985602
-0.034985602,-0.034985602
-0.034985602,-0.034985602
-0.034985602,-0.034985602
-0.034985602,-0.034985602
-0.034985602,-0.034985602
-0.034985602,-0.034985602
-0.034985602,-0.034985602
-0.034985602,-0.034985602
-0.034985602,-0.034985602
-0.034985602,-0.034985602
-0.034985602,-0.034985602
-0.034985602,-0.034985602
-0.034985602,-0.034985602
-0.034985602,-0.034985602
-0.034985602,-0.034985602
-0.034985602,-0.034985602
-0.034985602,-0.034985602
-0.034985602,-0.034985602
-0.034985602,-0.034985602
-0.034985602,-0.034985602
-0.034985602,-0.034985602
-0.034985602,-0.034985602
-0.034985602,-0.034985602
-0.034985602,-0.034985602
-0.034985602,-0.034985602
-0.034985602,-0.034985602
-0.034985602,-0.034985602
-0.034985602,-0.034985602
-0.034985602,-0.034985602
-0.034985602,-0.034985602
-0.034985602,-0.034985602
-0.034985602,-0.034985602
-0.034985602,-0.034985602
-0.034985602,-0.034985602
-0.034985602,-0.034985602
-0.034985602,-0.034985602
-0.034985602,-0.034985602
-0.034985602,-0.034985602
-0.034985602,-0.034985602
-0.034985602,-0.034985602
-0.034985602,-0.034985602
-0.034985602,-0.034985602
-0.034985602,-0.034985602
-0.034985602,-0.034985602
-0.034985602,-0.034985602
-0.034985602,-0.034985602
-0.034985602,-0.034985602
-0.034985602,-0.034985602
-0.034985602,-0.034985602
-0.034985602,-0.034985602
-0.034985602,-0.034985602
-0.034985602,-0.034985602
-0.034985602,-0.034985602
-0.034985602,-0.034985602
-0.034985602,-0.034985602
-0.034985602,-0.034985602
-0.034985602,-0.034985602
-0.034985602,-0.034985602
-0.034985602,-0.034985602
-0.034985602,-0.034985602
-0.034985602,-0.034985602
-0.034985602,-0.034985602
-0.034985602,-0.034985602
-0.034985602,-0.034985602
-0.034985602,-0.034985602
-0.034985602,-0.034985602
-0.034985602,-0.034985602
-0.034985602,-0.034985602
-0.034985602,-0.034985602
-0.034985602,-0.034985602
-0.034985602,-0.034985602
-0.034985602,-0.034985602
-0.034985602,-0.034985602
-0.034985602,-0.034985602
-0.034985602,-0.034985602
-0.034985602,-0.034985602
-0.034985602,-0.034985602
-0.034985602,-0.034985602
-0.034985602,-0.034985602
-0.034985602,-0.034985602
-0.034985602,-0.034985602
-0.034985602,-0.034985602
-0.034985602,-0.034985602
-0.034985602,-0.034985602
-0.034985602,-0.034985602
-0.034985602,-0.034985602
-0.034985602,-0.034985602
-0.034985602,-0.034985602
-0.034985602,-0.034985602
-0.034985602,-0.034985602
-0.034985602,-0.034985602
-0.034985602,-0.034985602
-0.034985602,-0.034985602
-0.034985602,-0.034985602
-0.034985602,-0.034985602
-0.034985602,-0.034985602
-0.034985602,-0.034985602
-0.034985602,-0.034985602
-0.034985602,-0.034985602
-0.034985602,-0.034985602
-0.034985602,-0.034985602
-0.034985602,-0.034985602
-0.034985602,-0.034985602
-0.034985602,-0.034985602
-0.034985602,-0.034985602
-0.034985602,-0.034985602
-0.034985602,-0.034985602
-0.034985602,-0.034985602
-0.034985602,-0.034985602
-0.034985602,-0.034985602
-0.034985602,-0.034985602
-0.034985602,-0.034985602
-0.034985602,-0.034985602
-0.034985602,-0.034985602
-0.034985602,-0.034985602
-0.034985602,-0.034985602
-0.034985602,-0.034985602
-0.034985602,-0.034985602
-0.034985602,-0.034985602
-0.034985602,-0.034985602
-0.034985602,-0.034985602
-0.034985602,-0.034985602
-0.034985602,-0.034985602
-0.034985602,-0.034985602
-0.034985602,-0.034985602
-0.034985602,-0.034985602
-0.034985602,-0.034985602
-0.034985602,-0.034985602
-0.034985602,-0.034985602
-0.034985602,-0.034985602
-0.034985602,-0.034985602
-0.034985602,-0.034985602
-0.034985602,-0.034985602
-0.034985602,-0.034985602
-0.034985602,-0.034985602
-0.034985602,-0.034985602
-0.034985602,-0.034985602
-0.034985602,-0.034985602
-0.034985602,-0.034985602
-0.034985602,-0.034985602
-0.034985602,-0.034985602
-0.034985602,-0.034985602
-0.034985602,-0.034985602
-0.034985602,-0.034985602
-0.034985602,-0.034985602
-0.034985602,-0.034985602
-0.034985602,-0.034985602
-0.034985602,-0.034985602
-0.034985602,-0.034985602
-0.034985602,-0.034985602
-0.034985602,-0.034985602
-0.034985602,-0.034985602
-0.034985602,-0.034985602
-0.034985602,-0.034985602
-0.034985602,-0.034985602
-0.034985602,-0.034985602
-0.034985602,-0.034985602
-0.034985602,-0.034985602
-0.034985602,-0.034985602
-0.034985602,-0.034985602
-0.034985602,-0.034985602
-0.034985602,-0.034985602
-0.034985602,-0.034985602
-0.034985602,-0.034985602
-0.034985602,-0.034985602
-0.034985602,-0.034985602
-0.034985602,-0.034985602
-0.034985602,-0.034985602
-0.034985602,-0.034985602
-0.034985602,-0.034985602
-0.034985602,-0.034985602
-0.034985602,-0.034985602
-0.034985602,-0.034985602
-0.034985602,-0.034985602
-0.034985602,-0.034985602
-0.034985602,-0.034985602
-0.034985602,-0.034985602
-0.034985602,-0.034985602
-0.034985602,-0.034985602
-0.034985602,-0.034985602
-0.034985602,-0.034985602
-0.034985602,-0.034985602
-0.034985602,-0.034985602
-0.034985602,-0.034985602
-0.034985602,-0.034985602
-0.034985602,-0.034985602
-0.034985602,-0.034985602
-0.034985602,-0.034985602
-0.034985602,-0.034985602
-0.034985602,-0.034985602
-0.034985602,-0.034985602
-0.034985602,-0.034985602
-0.034985602,-0.034985602
-0.034985602,-0.034985602
-0.034985602,-0.034985602
-0.034985602,-0.034985602
-0.034985602,-0.034985602
-0.034985602,-0.034985602
-0.034985602,-0.034985602
-0.034985602,-0.034985602
-0.034985602,-0.034985602
-0.034985602,-0.034985602
-0.034985602,-0.034985602
-0.034985602,-0.034985602
-0.034985602,-0.034985602
-0.034985602,-0.034985602
-0.034985602,-0.034985602
-0.034985602,-0.034985602
-0.034985602,-0.034985602
-0.034985602,-0.034985602
-0.034985602,-0.034985602
-0.034985602,-0.034985602
-0.034985602,-0.034985602
-0.034985602,-0.034985602
-0.034985602,-0.034985602
-0.034985602,-0.034985602
-0.034985602,-0.034985602
-0.034985602,-0.034985602
-0.034985602,-0.034985602
-0.034985602,-0.034985602
-0.034985602,-0.034985602
-0.034985602,-0.034985602
-0.034985602,-0.034985602
-0.034985602,-0.034985602
-0.034985602,-0.034985602
-0.034985602,-0.034985602
-0.034985602,-0.034985602
-0.034985602,-0.034985602
-0.034985602,-0.034985602
-0.034985602,-0.034985602
-0.034985602,-0.034985602
-0.034985602,-0.034985602
-0.034985602,-0.034985602
-0.034985602,-0.034985602
-0.034985602,-0.034985602
-0.034985602,-0.034985602
-0.034985602,-0.034985602
-0.034985602,-0.034985602
-0.034985602,-0.034985602
-0.034985602,-0.034985602
-0.034985602,-0.034985602
-0.034985602,-0.034985602
-0.034985602,-0.034985602
-0.034985602,-0.034985602
-0.034985602,-0.034985602
-0.034985602,-0.034985602
-0.034985602,-0.034985602
-0.034985602,-0.034985602
-0.034985602,-0.034985602
-0.034985602,-0.034985602
-0.034985602,-0.034985602
-0.034985602,-0.034985602
-0.034985602,-0.034985602
-0.034985602,-0.034985602
-0.034985602,-0.034985602
-0.034985602,-0.034985602
-0.034985602,-0.034985602
-0.034985602,-0.034985602
-0.034985602,-0.034985602
-0.034985602,-0.034985602
-0.034985602,-0.034985602
-0.034985602,-0.034985602
-0.034985602,-0.034985602
-0.034985602,-0.034985602
-0.034985602,-0.034985602
-0.034985602,-0.034985602
-0.034985602,-0.034985602
-0.034985602,-0.034985602
-0.034985602,-0.034985602
-0.034985602,-0.034985602
-0.034985602,-0.034985602
-0.034985602,-0.034985602
-0.034985602,-0.034985602
-0.034985602,-0.034985602
-0.034985602,-0.034985602
-0.034985602,-0.034985602
-0.034985602,-0.034985602
-0.034985602,-0.034985602
-0.034985602,-0.034985602
-0.034985602,-0.034985602
-0.034985602,-0.034985602
-0.034985602,-0.034985602
-0.034985602,-0.034985602
-0.034985602,-0.034985602
-0.034985602,-0.034985602
-0.034985602,-0.034985602
-0.034985602,-0.034985602
-0.034985602,-0.034985602
-0.034985602,-0.034985602
-0.034985602,-0.034985602
-0.034985602,-0.034985602
-0.034985602,-0.034985602
-0.034985602,-0.034985602
-0.034985602,-0.034985602
-0.034985602,-0.034985602
-0.034985602,-0.034985602
-0.034985602,-0.034985602
-0.034985602,-0.034985602
-0.034985602,-0.034985602
-0.034985602,-0.034985602
-0.034985602,-0.034985602
-0.034985602,-0.034985602
-0.034985602,-0.034985602
-0.034985602,-0.034985602
-0.034985602,-0.034985602
-0.034985602,-0.034985602
-0.034985602,-0.034985602
-0.034985602,-0.034985602
-0.034985602,-0.034985602
-0.034985602,-0.034985602
-0.034985602,-0.034985602
-0.034985602,-0.034985602
-0.034985602,-0.034985602
-0.034985602,-0.034985602
-0.034985602,-0.034985602
-0.034985602,-0.034985602
-0.034985602,-0.034985602
-0.034985602,-0.034985602
-0.034985602,-0.034985602
-0.034985602,-0.034985602
-0.034985602,-0.034985602
-0.034985602,-0.034985602
-0.034985602,-0.034985602
-0.034985602,-0.034985602
-0.034985602,-0.034985602
-0.034985602,-0.034985602
-0.034985602,-0.034985602
-0.034985602,-0.034985602
-0.034985602,-0.034985602
-0.034985602,-0.034985602
-0.034985602,-0.034985602
-0.034985602,-0.034985602
-0.034985602,-0.034985602
-0.034985602,-0.034985602
-0.034985602,-0.034985602
-0.034985602,-0.034985602
-0.034985602,-0.034985602
-0.034985602,-0.034985602
-0.034985602,-0.034985602
-0.034985602,-0.034985602
-0.034985602,-0.034985602
-0.034985602,-0.034985602
-0.034985602,-0.034985602
-0.034985602,-0.034985602
-0.034985602,-0.034985602
-0.034985602,-0.034985602
-0.034985602,-0.034985602
-0.034985602,-0.034985602
-0.034985602,-0.034985602
-0.034985602,-0.034985602
-0.034985602,-0.034985602
-0.034985602,-0.034985602
-0.034985602,-0.034985602
-0.034985602,-0.034985602
-0.034985602,-0.034985602
-0.034985602,-0.034985602
-0.034985602,-0.034985602
-0.034985602,-0.034985602
-0.034985602,-0.034985602
-0.034985602,-0.034985602
-0.034985602,-0.034985602
-0.034985602,-0.034985602
-0.034985602,-0.034985602
-0.034985602,-0.034985602
-0.034985602,-0.034985602
-0.034985602,-0.034985602
-0.034985602,-0.034985602
-0.034985602,-0.034985602
-0.034985602,-0.034985602
-0.034985602,-0.034985602
-0.034985602,-0.034985602
-0.034985602,-0.034985602
-0.034985602,-0.034985602
-0.034985602,-0.034985602
-0.034985602,-0.034985602
-0.034985602,-0.034985602
-0.034985602,-0.034985602
-0.034985602,-0.034985602
-0.034985602,-0.034985602
-0.034985602,-0.034985602
-0.034985602,-0.034985602
-0.034985602,-0.034985602
-0.034985602,-0.034985602
-0.034985602,-0.034985602
-0.034985602,-0.034985602
-0.034985602,-0.034985602
-0.034985602,-0.034985602
-0.034985602,-0.034985602
-0.034985602,-0.034985602
-0.034985602,-0.034985602
-0.034985602,-0.034985602
-0.034985602,-0.034985602
-0.034985602,-0.034985602
-0.034985602,-0.034985602
-0.034985602,-0.034985602
-0.034985602,-0.034985602
-0.034985602,-0.034985602
-0.034985602,-0.034985602
-0.034985602,-0.034985602
-0.034985602,-0.034985602
-0.034985602,-0.034985602
-0.034985602,-0.034985602
-0.034985602,-0.034985602
-0.034985602,-0.034985602
-0.034985602,-0.034985602
-0.034985602,-0.034985602
-0.034985602,-0.034985602
-0.034985602,-0.034985602
-0.034985602,-0.034985602
-0.034985602,-0.034985602
-0.034985602,-0.034985602
-0.034985602,-0.034985602
-0.034985602,-0.034985602
-0.034985602,-0.034985602
-0.034985602,-0.034985602
-0.034985602,-0.034985602
-0.034985602,-0.034985602
-0.034985602,-0.034985602
-0.034985602,-0.034985602
-0.034985602,-0.034985602
-0.034985602,-0.034985602
-0.034985602,-0.034985602
-0.034985602,-0.034985602
-0.034985602,-0.034985602
-0.034985602,-0.034985602
-0.034985602,-0.034985602
-0.034985602,-0.034985602
-0.034985602,-0.034985602
-0.034985602,-0.034985602
-0.034985602,-0.034985602
-0.034985602,-0.034985602
-0.034985602,-0.034985602
-0.034985602,-0.034985602
-0.034985602,-0.034985602
-0.034985602,-0.034985602
-0.034985602,-0.034985602
-0.034985602,-0.034985602
-0.034985602,-0.034985602
-0.034985602,-0.034985602
-0.034985602,-0.034985602
-0.034985602,-0.034985602
-0.034985602,-0.034985602
-0.034985602,-0.034985602
-0.034985602,-0.034985602
-0.034985602,-0.034985602
-0.034985602,-0.034985602
-0.034985602,-0.034985602
-0.034985602,-0.034985602
-0.034985602,-0.034985602
-0.034985602,-0.034985602
-0.034985602,-0.034985602
-0.034985602,-0.034985602
-0.034985602,-0.034985602
-0.034985602,-0.034985602
-0.034985602,-0.034985602
-0.034985602,-0.034985602
-0.034985602,-0.034985602
-0.034985602,-0.034985602
-0.034985602,-0.034985602
-0.034985602,-0.034985602
-0.034985602,-0.034985602
-0.034985602,-0.034985602
-0.034985602,-0.034985602
-0.034985602,-0.034985602
-0.034985602,-0.034985602
-0.034985602,-0.034985602
-0.034985602,-0.034985602
-0.034985602,-0.034985602
-0.034985602,-0.034985602
-0.034985602,-0.034985602
-0.034985602,-0.034985602
-0.034985602,-0.034985602
-0.034985602,-0.034985602
-0.034985602,-0.034985602
-0.034985602,-0.034985602
-0.034985602,-0.034985602
-0.034985602,-0.034985602
-0.034985602,-0.034985602
-0.034985602,-0.034985602
-0.034985602,-0.034985602
-0.034985602,-0.034985602
-0.034985602,-0.034985602
-0.034985602,-0.034985602
-0.034985602,-0.034985602
-0.034985602,-0.034985602
-0.034985602,-0.034985602
-0.034985602,-0.034985602
-0.034985602,-0.034985602
-0.034985602,-0.034985602
-0.034985602,-0.034985602
-0.034985602,-0.034985602
-0.034985602,-0.034985602
-0.034985602,-0.034985602
-0.034985602,-0.034985602
-0.034985602,-0.034985602
-0.034985602,-0.034985602
-0.034985602,-0.034985602
-0.034985602,-0.034985602
-0.034985602,-0.034985602
-0.034985602,-0.034985602
-0.034985602,-0.034985602
-0.034985602,-0.034985602
-0.034985602,-0.034985602
-0.034985602,-0.034985602
-0.034985602,-0.034985602
-0.034985602,-0.034985602
-0.034985602,-0.034985602
-0.034985602,-0.034985602
-0.034985602,-0.034985602
-0.034985602,-0.034985602
-0.034985602,-0.034985602
-0.034985602,-0.034985602
-0.034985602,-0.034985602
-0.034985602,-0.034985602
-0.034985602,-0.034985602
-0.034985602,-0.034985602
-0.034985602,-0.034985602
-0.034985602,-0.034985602
-0.034985602,-0.034985602
-0.034985602,-0.034985602
-0.034985602,-0.034985602
-0.034985602,-0.034985602
-0.034985602,-0.034985602
-0.034985602,-0.034985602
-0.034985602,-0.034985602
-0.034985602,-0.034985602
-0.034985602,-0.034985602
-0.034985602,-0.034985602
-0.034985602,-0.034985602
-0.034985602,-0.034985602
-0.034985602,-0.034985602
-0.034985602,-0.034985602
-0.034985602,-0.034985602
-0.034985602,-0.034985602
-0.034985602,-0.034985602
-0.034985602,-0.034985602
-0.034985602,-0.034985602
-0.034985602,-0.034985602
-0.034985602,-0.034985602
-0.034985602,-0.034985602
-0.034985602,-0.034985602
-0.034985602,-0.034985602
-0.034985602,-0.034985602
-0.034985602,-0.034985602
-0.034985602,-0.034985602
-0.034985602,-0.034985602
-0.034985602,-0.034985602
-0.034985602,-0.034985602
-0.034985602,-0.034985602
-0.034985602,-0.034985602
-0.034985602,-0.034985602
-0.034985602,-0.034985602
-0.034985602,-0.034985602
-0.034985602,-0.034985602
-0.034985602,-0.034985602
-0.034985602,-0.034985602
-0.034985602,-0.034985602
-0.034985602,-0.034985602
-0.034985602,-0.034985602
-0.034985602,-0.034985602
-0.034985602,-0.034985602
-0.034985602,-0.034985602
-0.034985602,-0.034985602
-0.034985602,-0.034985602
-0.034985602,-0.034985602
-0.034985602,-0.034985602
-0.034985602,-0.034985602
-0.034985602,-0.034985602
-0.034985602,-0.034985602
-0.034985602,-0.034985602
-0.034985602,-0.034985602
-0.034985602,-0.034985602
-0.034985602,-0.034985602
-0.034985602,-0.034985602
-0.034985602,-0.034985602
-0.034985602,-0.034985602
-0.034985602,-0.034985602
-0.034985602,-0.034985602
-0.034985602,-0.034985602
-0.034985602,-0.034985602
-0.034985602,-0.034985602
-0.034985602,-0.034985602
-0.034985602,-0.034985602
-0.034985602,-0.034985602
-0.034985602,-0.034985602
-0.034985602,-0.034985602
-0.034985602,-0.034985602
-0.034985602,-0.034985602
-0.034985602,-0.034985602
-0.034985602,-0.034985602
-0.034985602,-0.034985602
-0.034985602,-0.034985602
-0.034985602,-0.034985602
-0.034985602,-0.034985602
-0.034985602,-0.034985602
-0.034985602,-0.034985602
-0.034985602,-0.034985602
-0.034985602,-0.034985602
-0.034985602,-0.034985602
-0.034985602,-0.034985602
-0.034985602,-0.034985602
-0.034985602,-0.034985602
-0.034985602,-0.034985602
-0.034985602,-0.034985602
-0.034985602,-0.034985602
-0.034985602,-0.034985602
-0.034985602,-0.034985602
-0.034985602,-0.034985602
-0.034985602,-0.034985602
-0.034985602,-0.034985602
-0.034985602,-0.034985602
-0.034985602,-0.034985602
-0.034985602,-0.034985602
-0.034985602,-0.034985602
-0.034985602,-0.034985602
-0.034985602,-0.034985602
-0.034985602,-0.034985602
-0.034985602,-0.034985602
-0.034985602,-0.034985602
-0.034985602,-0.034985602
-0.034985602,-0.034985602
-0.034985602,-0.034985602
-0.034985602,-0.034985602
-0.034985602,-0.034985602
-0.034985602,-0.034985602
-0.034985602,-0.034985602
-0.034985602,-0.034985602
-0.034985602,-0.034985602
-0.034985602,-0.034985602
-0.034985602,-0.034985602
-0.034985602,-0.034985602
-0.034985602,-0.034985602
-0.034985602,-0.034985602
-0.034985602,-0.034985602
-0.034985602,-0.034985602
-0.034985602,-0.034985602
-0.034985602,-0.034985602
-0.034985602,-0.034985602
-0.034985602,-0.034985602
-0.034985602,-0.034985602
-0.034985602,-0.034985602
-0.034985602,-0.034985602
-0.034985602,-0.034985602
-0.034985602,-0.034985602
-0.034985602,-0.034985602
-0.034985602,-0.034985602
-0.034985602,-0.034985602
-0.034985602,-0.034985602
-0.034985602,-0.034985602
-0.034985602,-0.034985602
-0.034985602,-0.034985602
-0.034985602,-0.034985602
-0.034985602,-0.034985602
-0.034985602,-0.034985602
-0.034985602,-0.034985602
-0.034985602,-0.034985602
-0.034985602,-0.034985602
-0.034985602,-0.034985602
-0.034985602,-0.034985602
-0.034985602,-0.034985602
-0.034985602,-0.034985602
-0.034985602,-0.034985602
-0.034985602,-0.034985602
-0.034985602,-0.034985602
-0.034985602,-0.034985602
-0.034985602,-0.034985602
-0.034985602,-0.034985602
-0.034985602,-0.034985602
-0.034985602,-0.034985602
-0.034985602,-0.034985602
-0.034985602,-0.034985602
-0.034985602,-0.034985602
-0.034985602,-0.034985602
-0.034985602,-0.034985602
-0.034985602,-0.034985602
-0.034985602,-0.034985602
-0.034985602,-0.034985602
-0.034985602,-0.034985602
-0.034985602,-0.034985602
-0.034985602,-0.034985602
-0.034985602,-0.034985602
-0.034985602,-0.034985602
-0.034985602,-0.034985602
-0.034985602,-0.034985602
-0.034985602,-0.034985602
-0.034985602,-0.034985602
-0.034985602,-0.034985602
-0.034985602,-0.034985602
-0.034985602,-0.034985602
-0.034985602,-0.034985602
-0.034985602,-0.034985602
-0.034985602,-0.034985602
-0.034985602,-0.034985602
-0.034985602,-0.034985602
-0.034985602,-0.034985602
-0.034985602,-0.034985602
-0.034985602,-0.034985602
-0.034985602,-0.034985602
-0.034985602,-0.034985602
-0.034985602,-0.034985602
-0.034985602,-0.034985602
-0.034985602,-0.034985602
-0.034985602,-0.034985602
-0.034985602,-0.034985602
-0.034985602,-0.034985602
-0.034985602,-0.034985602
-0.034985602,-0.034985602
-0.034985602,-0.034985602
-0.034985602,-0.034985602
-0.034985602,-0.034985602
-0.034985602,-0.034985602
-0.034985602,-0.034985602
-0.034985602,-0.034985602
-0.034985602,-0.034985602
-0.034985602,-0.034985602
-0.034985602,-0.034985602
-0.034985602,-0.034985602
-0.034985602,-0.034985602
-0.034985602,-0.034985602
-0.034985602,-0.034985602
-0.034985602,-0.034985602
-0.034985602,-0.034985602
-0.034985602,-0.034985602
-0.034985602,-0.034985602
-0.034985602,-0.034985602
-0.034985602,-0.034985602
-0.034985602,-0.034985602
-0.034985602,-0.034985602
-0.034985602,-0.034985602
-0.034985602,-0.034985602
-0.034985602,-0.034985602
-0.034985602,-0.034985602
-0.034985602,-0.034985602
-0.034985602,-0.034985602
-0.034985602,-0.034985602
-0.034985602,-0.034985602
-0.034985602,-0.034985602
-0.034985602,-0.034985602
-0.034985602,-0.034985602
-0.034985602,-0.034985602
-0.034985602,-0.034985602
-0.034985602,-0.034985602
-0.034985602,-0.034985602
-0.034985602,-0.034985602
-0.034985602,-0.034985602
-0.034985602,-0.034985602
-0.034985602,-0.034985602
-0.034985602,-0.034985602
-0.034985602,-0.034985602
-0.034985602,-0.034985602
-0.034985602,-0.034985602
-0.034985602,-0.034985602
-0.034985602,-0.034985602
-0.034985602,-0.034985602
-0.034985602,-0.034985602
-0.034985602,-0.034985602
-0.034985602,-0.034985602
-0.034985602,-0.034985602
-0.034985602,-0.034985602
-0.034985602,-0.034985602
-0.034985602,-0.034985602
-0.034985602,-0.034985602
-0.034985602,-0.034985602
-0.034985602,-0.034985602
-0.034985602,-0.034985602
-0.034985602,-0.034985602
-0.034985602,-0.034985602
-0.034985602,-0.034985602
-0.034985602,-0.034985602
-0.034985602,-0.034985602
-0.034985602,-0.034985602
-0.034985602,-0.034985602
-0.034985602,-0.034985602
-0.034985602,-0.034985602
-0.034985602,-0.034985602
-0.034985602,-0.034985602
-0.034985602,-0.034985602
-0.034985602,-0.034985602
-0.034985602,-0.034985602
-0.034985602,-0.034985602
-0.034985602,-0.034985602
-0.034985602,-0.034985602
-0.034985602,-0.034985602
-0.034985602,-0.034985602
-0.034985602,-0.034985602
-0.034985602,-0.034985602
-0.034985602,-0.034985602
-0.034985602,-0.034985602
-0.034985602,-0.034985602
-0.034985602,-0.034985602
-0.034985602,-0.034985602
-0.034985602,-0.034985602
-0.034985602,-0.034985602
-0.034985602,-0.034985602
-0.034985602,-0.034985602
-0.034985602,-0.034985602
-0.034985602,-0.034985602
-0.034985602,-0.034985602
-0.034985602,-0.034985602
-0.034985602,-0.034985602
-0.034985602,-0.034985602
-0.034985602,-0.034985602
-0.034985602,-0.034985602
-0.034985602,-0.034985602
-0.034985602,-0.034985602
-0.034985602,-0.034985602
-0.034985602,-0.034985602
-0.034985602,-0.034985602
-0.034985602,-0.034985602
-0.034985602,-0.034985602
-0.034985602,-0.034985602
-0.034985602,-0.034985602
-0.034985602,-0.034985602
-0.034985602,-0.034985602
-0.034985602,-0.034985602
-0.034985602,-0.034985602
-0.034985602,-0.034985602
-0.034985602,-0.034985602
-0.034985602,-0.034985602
-0.034985602,-0.034985602
-0.034985602,-0.034985602
-0.034985602,-0.034985602
-0.034985602,-0.034985602
-0.034985602,-0.034985602
-0.034985602,-0.034985602
-0.034985602,-0.034985602
-0.034985602,-0.034985602
-0.034985602,-0.034985602
-0.034985602,-0.034985602
-0.034985602,-0.034985602
-0.034985602,-0.034985602
-0.034985602,-0.034985602
-0.034985602,-0.034985602
-0.034985602,-0.034985602
-0.034985602,-0.034985602
-0.034985602,-0.034985602
-0.034985602,-0.034985602
-0.034985602,-0.034985602
-0.034985602,-0.034985602
-0.034985602,-0.034985602
-0.034985602,-0.034985602
-0.034985602,-0.034985602
-0.034985602,-0.034985602
-0.034985602,-0.034985602
-0.034985602,-0.034985602
-0.034985602,-0.034985602
-0.034985602,-0.034985602
-0.034985602,-0.034985602
-0.034985602,-0.034985602
-0.034985602,-0.034985602
-0.034985602,-0.034985602
-0.034985602,-0.034985602
-0.034985602,-0.034985602
-0.034985602,-0.034985602
-0.034985602,-0.034985602
-0.034985602,-0.034985602
-0.034985602,-0.034985602
-0.034985602,-0.034985602
-0.034985602,-0.034985602
-0.034985602,-0.034985602
-0.034985602,-0.034985602
-0.034985602,-0.034985602
-0.034985602,-0.034985602
-0.034985602,-0.034985602
-0.034985602,-0.034985602
-0.034985602,-0.034985602
-0.034985602,-0.034985602
-0.034985602,-0.034985602
-0.034985602,-0.034985602
-0.034985602,-0.034985602
-0.034985602,-0.034985602
-0.034985602,-0.034985602
-0.034985602,-0.034985602
-0.034985602,-0.034985602
-0.034985602,-0.034985602
-0.034985602,-0.034985602
-0.034985602,-0.034985602
-0.034985602,-0.034985602
-0.034985602,-0.034985602
-0.034985602,-0.034985602
-0.034985602,-0.034985602
-0.034985602,-0.034985602
-0.034985602,-0.034985602
-0.034985602,-0.034985602
-0.034985602,-0.034985602
-0.034985602,-0.034985602
-0.034985602,-0.034985602
-0.034985602,-0.034985602
-0.034985602,-0.034985602
-0.034985602,-0.034985602
-0.034985602,-0.034985602
-0.034985602,-0.034985602
-0.034985602,-0.034985602
-0.034985602,-0.034985602
-0.034985602,-0.034985602
-0.034985602,-0.034985602
-0.034985602,-0.034985602
-0.034985602,-0.034985602
-0.034985602,-0.034985602
-0.034985602,-0.034985602
-0.034985602,-0.034985602
-0.034985602,-0.034985602
-0.034985602,-0.034985602
-0.034985602,-0.034985602
-0.034985602,-0.034985602
-0.034985602,-0.034985602
-0.034985602,-0.034985602
-0.034985602,-0.034985602
-0.034985602,-0.034985602
-0.034985602,-0.034985602
-0.034985602,-0.034985602
-0.034985602,-0.034985602
-0.034985602,-0.034985602
-0.034985602,-0.034985602
-0.034985602,-0.034985602
-0.034985602,-0.034985602
-0.034985602,-0.034985602
-0.034985602,-0.034985602
-0.034985602,-0.034985602
-0.034985602,-0.034985602
-0.034985602,-0.034985602
-0.034985602,-0.034985602
-0.034985602,-0.034985602
-0.034985602,-0.034985602
-0.034985602,-0.034985602
-0.034985602,-0.034985602
-0.034985602,-0.034985602
-0.034985602,-0.034985602
-0.034985602,-0.034985602
-0.034985602,-0.034985602
-0.034985602,-0.034985602
-0.034985602,-0.034985602
-0.034985602,-0.034985602
-0.034985602,-0.034985602
-0.034985602,-0.034985602
-0.034985602,-0.034985602
-0.034985602,-0.034985602
-0.034985602,-0.034985602
-0.034985602,-0.034985602
-0.034985602,-0.034985602
-0.034985602,-0.034985602
-0.034985602,-0.034985602
-0.034985602,-0.034985602
-0.034985602,-0.034985602
-0.034985602,-0.034985602
-0.034985602,-0.034985602
-0.034985602,-0.034985602
-0.034985602,-0.034985602
-0.034985602,-0.034985602
-0.034985602,-0.034985602
-0.034985602,-0.034985602
-0.034985602,-0.034985602
-0.034985602,-0.034985602
-0.034985602,-0.034985602
-0.034985602,-0.034985602
-0.034985602,-0.034985602
-0.034985602,-0.034985602
-0.034985602,-0.034985602
-0.034985602,-0.034985602
-0.034985602,-0.034985602
-0.034985602,-0.034985602
-0.034985602,-0.034985602
-0.034985602,-0.034985602
-0.034985602,-0.034985602
-0.034985602,-0.034985602
-0.034985602,-0.034985602
-0.034985602,-0.034985602
-0.034985602,-0.034985602
-0.034985602,-0.034985602
-0.034985602,-0.034985602
-0.034985602,-0.034985602
-0.034985602,-0.034985602
-0.034985602,-0.034985602
-0.034985602,-0.034985602
-0.034985602,-0.034985602
-0.034985602,-0.034985602
-0.034985602,-0.034985602
-0.034985602,-0.034985602
-0.034985602,-0.034985602
-0.034985602,-0.034985602
-0.034985602,-0.034985602
-0.034985602,-0.034985602
-0.034985602,-0.034985602
-0.034985602,-0.034985602
-0.034985602,-0.034985602
-0.034985602,-0.034985602
-0.034985602,-0.034985602
-0.034985602,-0.034985602
-0.034985602,-0.034985602
-0.034985602,-0.034985602
-0.034985602,-0.034985602
-0.034985602,-0.034985602
-0.034985602,-0.034985602
-0.034985602,-0.034985602
-0.034985602,-0.034985602
-0.034985602,-0.034985602
-0.034985602,-0.034985602
-0.034985602,-0.034985602
-0.034985602,-0.034985602
-0.034985602,-0.034985602
-0.034985602,-0.034985602
-0.034985602,-0.034985602
-0.034985602,-0.034985602
-0.034985602,-0.034985602
-0.034985602,-0.034985602
-0.034985602,-0.034985602
-0.034985602,-0.034985602
-0.034985602,-0.034985602
-0.034985602,-0.034985602
-0.034985602,-0.034985602
-0.034985602,-0.034985602
-0.034985602,-0.034985602
-0.034985602,-0.034985602
-0.034985602,-0.034985602
-0.034985602,-0.034985602
-0.034985602,-0.034985602
-0.034985602,-0.034985602
-0.034985602,-0.034985602
-0.034985602,-0.034985602
-0.034985602,-0.034985602
-0.034985602,-0.034985602
-0.034985602,-0.034985602
-0.034985602,-0.034985602
-0.034985602,-0.034985602
-0.034985602,-0.034985602
-0.034985602,-0.034985602
-0.034985602,-0.034985602
-0.034985602,-0.034985602
-0.034985602,-0.034985602
-0.034985602,-0.034985602
-0.034985602,-0.034985602
-0.034985602,-0.034985602
-0.034985602,-0.034985602
-0.034985602,-0.034985602
-0.034985602,-0.034985602
-0.034985602,-0.034985602
-0.034985602,-0.034985602
-0.034985602,-0.034985602
-0.034985602,-0.034985602
-0.034985602,-0.034985602
-0.034985602,-0.034985602
-0.034985602,-0.034985602
-0.034985602,-0.034985602
-0.034985602,-0.034985602
-0.034985602,-0.034985602
-0.034985602,-0.034985602
-0.034985602,-0.034985602
-0.034985602,-0.034985602
-0.034985602,-0.034985602
-0.034985602,-0.034985602
-0.034985602,-0.034985602
-0.034985602,-0.034985602
-0.034985602,-0.034985602
-0.034985602,-0.034985602
-0.034985602,-0.034985602
-0.034985602,-0.034985602
-0.034985602,-0.034985602
-0.034985602,-0.034985602
-0.034985602,-0.034985602
-0.034985602,-0.034985602
-0.034985602,-0.034985602
-0.034985602,-0.034985602
-0.034985602,-0.034985602
-0.034985602,-0.034985602
-0.034985602,-0.034985602
-0.034985602,-0.034985602
-0.034985602,-0.034985602
-0.034985602,-0.034985602
-0.034985602,-0.034985602
-0.034985602,-0.034985602
-0.034985602,-0.034985602
-0.034985602,-0.034985602
-0.034985602,-0.034985602
-0.034985602,-0.034985602
-0.034985602,-0.034985602
-0.034985602,-0.034985602
-0.034985602,-0.034985602
-0.034985602,-0.034985602
-0.034985602,-0.034985602
-0.034985602,-0.034985602
-0.034985602,-0.034985602
-0.034985602,-0.034985602
-0.034985602,-0.034985602
-0.034985602,-0.034985602
-0.034985602,-0.034985602
-0.034985602,-0.034985602
-0.034985602,-0.034985602
-0.034985602,-0.034985602
-0.034985602,-0.034985602
-0.034985602,-0.034985602
-0.034985602,-0.034985602
-0.034985602,-0.034985602
-0.034985602,-0.034985602
-0.034985602,-0.034985602
-0.034985602,-0.034985602
-0.034985602,-0.034985602
-0.034985602,-0.034985602
-0.034985602,-0.034985602
-0.034985602,-0.034985602
-0.034985602,-0.034985602
-0.034985602,-0.034985602
-0.034985602,-0.034985602
-0.034985602,-0.034985602
-0.034985602,-0.034985602
-0.034985602,-0.034985602
-0.034985602,-0.034985602
-0.034985602,-0.034985602
-0.034985602,-0.034985602
-0.034985602,-0.034985602
-0.034985602,-0.034985602
-0.034985602,-0.034985602
-0.034985602,-0.034985602
-0.034985602,-0.034985602
-0.034985602,-0.034985602
-0.034985602,-0.034985602
-0.034985602,-0.034985602
-0.034985602,-0.034985602
-0.034985602,-0.034985602
-0.034985602,-0.034985602
-0.034985602,-0.034985602
-0.034985602,-0.034985602
-0.034985602,-0.034985602
-0.034985602,-0.034985602
-0.034985602,-0.034985602
-0.034985602,-0.034985602
-0.034985602,-0.034985602
-0.034985602,-0.034985602
-0.034985602,-0.034985602
-0.034985602,-0.034985602
-0.034985602,-0.034985602
-0.034985602,-0.034985602
-0.034985602,-0.034985602
-0.034985602,-0.034985602
-0.034985602,-0.034985602
-0.034985602,-0.034985602
-0.034985602,-0.034985602
-0.034985602,-0.034985602
-0.034985602,-0.034985602
-0.034985602,-0.034985602
-0.034985602,-0.034985602
-0.034985602,-0.034985602
-0.034985602,-0.034985602
-0.034985602,-0.034985602
-0.034985602,-0.034985602
-0.034985602,-0.034985602
-0.034985602,-0.034985602
-0.034985602,-0.034985602
-0.034985602,-0.034985602
-0.034985602,-0.034985602
-0.034985602,-0.034985602
-0.034985602,-0.034985602
-0.034985602,-0.034985602
-0.034985602,-0.034985602
-0.034985602,-0.034985602
-0.034985602,-0.034985602
-0.034985602,-0.034985602
-0.034985602,-0.034985602
-0.034985602,-0.034985602
-0.034985602,-0.034985602
-0.034985602,-0.034985602
-0.034985602,-0.034985602
-0.034985602,-0.034985602
-0.034985602,-0.034985602
-0.034985602,-0.034985602
-0.034985602,-0.034985602
-0.034985602,-0.034985602
-0.034985602,-0.034985602
-0.034985602,-0.034985602
-0.034985602,-0.034985602
-0.034985602,-0.034985602
-0.034985602,-0.034985602
-0.034985602,-0.034985602
-0.034985602,-0.034985602
-0.034985602,-0.034985602
-0.034985602,-0.034985602
-0.034985602,-0.034985602
-0.034985602,-0.034985602
-0.034985602,-0.034985602
-0.034985602,-0.034985602
-0.034985602,-0.034985602
-0.034985602,-0.034985602
-0.034985602,-0.034985602
-0.034985602,-0.034985602
-0.034985602,-0.034985602
-0.034985602,-0.034985602
-0.034985602,-0.034985602
-0.034985602,-0.034985602
-0.034985602,-0.034985602
-0.034985602,-0.034985602
-0.034985602,-0.034985602
-0.034985602,-0.034985602
-0.034985602,-0.034985602
-0.034985602,-0.034985602
-0.034985602,-0.034985602
-0.034985602,-0.034985602
-0.034985602,-0.034985602
-0.034985602,-0.034985602
-0.034985602,-0.034985602
-0.034985602,-0.034985602
-0.034985602,-0.034985602
-0.034985602,-0.034985602
-0.034985602,-0.034985602
-0.034985602,-0.034985602
-0.034985602,-0.034985602
-0.034985602,-0.034985602
-0.034985602,-0.034985602
-0.034985602,-0.034985602
-0.034985602,-0.034985602
-0.034985602,-0.034985602
-0.034985602,-0.034985602
-0.034985602,-0.034985602
-0.034985602,-0.034985602
-0.034985602,-0.034985602
-0.034985602,-0.034985602
-0.034985602,-0.034985602
-0.034985602,-0.034985602
-0.034985602,-0.034985602
-0.034985602,-0.034985602
-0.034985602,-0.034985602
-0.034985602,-0.034985602
-0.034985602,-0.034985602
-0.034985602,-0.034985602
-0.034985602,-0.034985602
-0.034985602,-0.034985602
-0.034985602,-0.034985602
-0.034985602,-0.034985602
-0.034985602,-0.034985602
-0.034985602,-0.034985602
-0.034985602,-0.034985602
-0.034985602,-0.034985602
-0.034985602,-0.034985602
-0.034985602,-0.034985602
-0.034985602,-0.034985602
-0.034985602,-0.034985602
-0.034985602,-0.034985602
-0.034985602,-0.034985602
-0.034985602,-0.034985602
-0.034985602,-0.034985602
-0.034985602,-0.034985602
-0.034985602,-0.034985602
-0.034985602,-0.034985602
-0.034985602,-0.034985602
-0.034985602,-0.034985602
-0.034985602,-0.034985602
-0.034985602,-0.034985602
-0.034985602,-0.034985602
-0.034985602,-0.034985602
-0.034985602,-0.034985602
-0.034985602,-0.034985602
-0.034985602,-0.034985602
-0.034985602,-0.034985602
-0.034985602,-0.034985602
-0.034985602,-0.034985602
-0.034985602,-0.034985602
-0.034985602,-0.034985602
-0.034985602,-0.034985602
-0.034985602,-0.034985602
-0.034985602,-0.034985602
-0.034985602,-0.034985602
-0.034985602,-0.034985602
-0.034985602,-0.034985602
-0.034985602,-0.034985602
-0.034985602,-0.034985602
-0.034985602,-0.034985602
-0.034985602,-0.034985602
-0.034985602,-0.034985602
-0.034985602,-0.034985602
-0.034985602,-0.034985602
-0.034985602,-0.034985602
-0.034985602,-0.034985602
-0.034985602,-0.034985602
-0.034985602,-0.034985602
-0.034985602,-0.034985602
-0.034985602,-0.034985602
-0.034985602,-0.034985602
-0.034985602,-0.034985602
-0.034985602,-0.034985602
-0.034985602,-0.034985602
-0.034985602,-0.034985602
-0.034985602,-0.034985602
-0.034985602,-0.034985602
-0.034985602,-0.034985602
-0.034985602,-0.034985602
-0.034985602,-0.034985602
-0.034985602,-0.034985602
-0.034985602,-0.034985602
-0.034985602,-0.034985602
-0.034985602,-0.034985602
-0.034985602,-0.034985602
-0.034985602,-0.034985602
-0.034985602,-0.034985602
-0.034985602,-0.034985602
-0.034985602,-0.034985602
-0.034985602,-0.034985602
-0.034985602,-0.034985602
-0.034985602,-0.034985602
-0.034985602,-0.034985602
-0.034985602,-0.034985602
-0.034985602,-0.034985602
-0.034985602,-0.034985602
-0.034985602,-0.034985602
-0.034985602,-0.034985602
-0.034985602,-0.034985602
-0.034985602,-0.034985602
-0.034985602,-0.034985602
-0.034985602,-0.034985602
-0.034985602,-0.034985602
-0.034985602,-0.034985602
-0.034985602,-0.034985602
-0.034985602,-0.034985602
-0.034985602,-0.034985602
-0.034985602,-0.034985602
-0.034985602,-0.034985602
-0.034985602,-0.034985602
-0.034985602,-0.034985602
-0.034985602,-0.034985602
-0.034985602,-0.034985602
-0.034985602,-0.034985602
-0.034985602,-0.034985602
-0.034985602,-0.034985602
-0.034985602,-0.034985602
-0.034985602,-0.034985602
-0.034985602,-0.034985602
-0.034985602,-0.034985602
-0.034985602,-0.034985602
-0.034985602,-0.034985602
-0.034985602,-0.034985602
-0.034985602,-0.034985602
-0.034985602,-0.034985602
-0.034985602,-0.034985602
-0.034985602,-0.034985602
-0.034985602,-0.034985602
-0.034985602,-0.034985602
-0.034985602,-0.034985602
-0.034985602,-0.034985602
-0.034985602,-0.034985602
-0.034985602,-0.034985602
-0.034985602,-0.034985602
-0.034985602,-0.034985602
-0.034985602,-0.034985602
-0.034985602,-0.034985602
-0.034985602,-0.034985602
-0.034985602,-0.034985602
-0.034985602,-0.034985602
-0.034985602,-0.034985602
-0.034985602,-0.034985602
-0.034985602,-0.034985602
-0.034985602,-0.034985602
-0.034985602,-0.034985602
-0.034985602,-0.034985602
-0.034985602,-0.034985602
-0.034985602,-0.034985602
-0.034985602,-0.034985602
-0.034985602,-0.034985602
-0.034985602,-0.034985602
-0.034985602,-0.034985602
-0.034985602,-0.034985602
-0.034985602,-0.034985602
-0.034985602,-0.034985602
-0.034985602,-0.034985602
-0.034985602,-0.034985602
-0.034985602,-0.034985602
-0.034985602,-0.034985602
-0.034985602,-0.034985602
-0.034985602,-0.034985602
-0.034985602,-0.034985602
-0.034985602,-0.034985602
-0.034985602,-0.034985602
-0.034985602,-0.034985602
-0.034985602,-0.034985602
-0.034985602,-0.034985602
-0.034985602,-0.034985602
-0.034985602,-0.034985602
-0.034985602,-0.034985602
-0.034985602,-0.034985602
-0.034985602,-0.034985602
-0.034985602,-0.034985602
-0.034985602,-0.034985602
-0.034985602,-0.034985602
-0.034985602,-0.034985602
-0.034985602,-0.034985602
-0.034985602,-0.034985602
-0.034985602,-0.034985602
-0.034985602,-0.034985602
-0.034985602,-0.034985602
-0.034985602,-0.034985602
-0.034985602,-0.034985602
-0.034985602,-0.034985602
-0.034985602,-0.034985602
-0.034985602,-0.034985602
-0.034985602,-0.034985602
-0.034985602,-0.034985602
-0.034985602,-0.034985602
-0.034985602,-0.034985602
-0.034985602,-0.034985602
-0.034985602,-0.034985602
-0.034985602,-0.034985602
-0.034985602,-0.034985602
-0.034985602,-0.034985602
-0.034985602,-0.034985602
-0.034985602,-0.034985602
-0.034985602,-0.034985602
-0.034985602,-0.034985602
-0.034985602,-0.034985602
-0.034985602,-0.034985602
-0.034985602,-0.034985602
-0.034985602,-0.034985602
-0.034985602,-0.034985602
-0.034985602,-0.034985602
-0.034985602,-0.034985602
-0.034985602,-0.034985602
-0.034985602,-0.034985602
-0.034985602,-0.034985602
-0.034985602,-0.034985602
-0.034985602,-0.034985602
-0.034985602,-0.034985602
-0.034985602,-0.034985602
-0.034985602,-0.034985602
-0.034985602,-0.034985602
-0.034985602,-0.034985602
-0.034985602,-0.034985602
-0.034985602,-0.034985602
-0.034985602,-0.034985602
-0.034985602,-0.034985602
-0.034985602,-0.034985602
-0.034985602,-0.034985602
-0.034985602,-0.034985602
-0.034985602,-0.034985602
-0.034985602,-0.034985602
-0.034985602,-0.034985602
-0.034985602,-0.034985602
-0.034985602,-0.034985602
-0.034985602,-0.034985602
-0.034985602,-0.034985602
-0.034985602,-0.034985602
-0.034985602,-0.034985602
-0.034985602,-0.034985602
-0.034985602,-0.034985602
-0.034985602,-0.034985602
-0.034985602,-0.034985602
-0.034985602,-0.034985602
-0.034985602,-0.034985602
-0.034985602,-0.034985602
-0.034985602,-0.034985602
-0.034985602,-0.034985602
-0.034985602,-0.034985602
-0.034985602,-0.034985602
-0.034985602,-0.034985602
-0.034985602,-0.034985602
-0.034985602,-0.034985602
-0.034985602,-0.034985602
-0.034985602,-0.034985602
-0.034985602,-0.034985602
-0.034985602,-0.034985602
-0.034985602,-0.034985602
-0.034985602,-0.034985602
-0.034985602,-0.034985602
-0.034985602,-0.034985602
-0.034985602,-0.034985602
-0.034985602,-0.034985602
-0.034985602,-0.034985602
-0.034985602,-0.034985602
-0.034985602,-0.034985602
-0.034985602,-0.034985602
-0.034985602,-0.034985602
-0.034985602,-0.034985602
-0.034985602,-0.034985602
-0.034985602,-0.034985602
-0.034985602,-0.034985602
-0.034985602,-0.034985602
-0.034985602,-0.034985602
-0.034985602,-0.034985602
-0.034985602,-0.034985602
-0.034985602,-0.034985602
-0.034985602,-0.034985602
-0.034985602,-0.034985602
-0.034985602,-0.034985602
-0.034985602,-0.034985602
-0.034985602,-0.034985602
-0.034985602,-0.034985602
-0.034985602,-0.034985602
-0.034985602,-0.034985602
-0.034985602,-0.034985602
-0.034985602,-0.034985602
-0.034985602,-0.034985602
-0.034985602,-0.034985602
-0.034985602,-0.034985602
-0.034985602,-0.034985602
-0.034985602,-0.034985602
-0.034985602,-0.034985602
-0.034985602,-0.034985602
-0.034985602,-0.034985602
-0.034985602,-0.034985602
-0.034985602,-0.034985602
-0.034985602,-0.034985602
-0.034985602,-0.034985602
-0.034985602,-0.034985602
-0.034985602,-0.034985602
-0.034985602,-0.034985602
-0.034985602,-0.034985602
-0.034985602,-0.034985602
-0.034985602,-0.034985602
-0.034985602,-0.034985602
-0.034985602,-0.034985602
-0.034985602,-0.034985602
-0.034985602,-0.034985602
-0.034985602,-0.034985602
-0.034985602,-0.034985602
-0.034985602,-0.034985602
-0.034985602,-0.034985602
-0.034985602,-0.034985602
-0.034985602,-0.034985602
-0.034985602,-0.034985602
-0.034985602,-0.034985602
-0.034985602,-0.034985602
-0.034985602,-0.034985602
-0.034985602,-0.034985602
-0.034985602,-0.034985602
-0.034985602,-0.034985602
-0.034985602,-0.034985602
-0.034985602,-0.034985602
-0.034985602,-0.034985602
-0.034985602,-0.034985602
-0.034985602,-0.034985602
-0.034985602,-0.034985602
-0.034985602,-0.034985602
-0.034985602,-0.034985602
-0.034985602,-0.034985602
-0.034985602,-0.034985602
-0.034985602,-0.034985602
-0.034985602,-0.034985602
-0.034985602,-0.034985602
-0.034985602,-0.034985602
-0.034985602,-0.034985602
-0.034985602,-0.034985602
-0.034985602,-0.034985602
-0.034985602,-0.034985602
-0.034985602,-0.034985602
-0.034985602,-0.034985602
-0.034985602,-0.034985602
-0.034985602,-0.034985602
-0.034985602,-0.034985602
-0.034985602,-0.034985602
-0.034985602,-0.034985602
-0.034985602,-0.034985602
-0.034985602,-0.034985602
-0.034985602,-0.034985602
-0.034985602,-0.034985602
-0.034985602,-0.034985602
-0.034985602,-0.034985602
-0.034985602,-0.034985602
-0.034985602,-0.034985602
-0.034985602,-0.034985602
-0.034985602,-0.034985602
-0.034985602,-0.034985602
-0.034985602,-0.034985602
-0.034985602,-0.034985602
-0.034985602,-0.034985602
-0.034985602,-0.034985602
-0.034985602,-0.034985602
-0.034985602,-0.034985602
-0.034985602,-0.034985602
-0.034985602,-0.034985602
-0.034985602,-0.034985602
-0.034985602,-0.034985602
-0.034985602,-0.034985602
-0.034985602,-0.034985602
-0.034985602,-0.034985602
-0.034985602,-0.034985602
-0.034985602,-0.034985602
-0.034985602,-0.034985602
-0.034985602,-0.034985602
-0.034985602,-0.034985602
-0.034985602,-0.034985602
-0.034985602,-0.034985602
-0.034985602,-0.034985602
-0.034985602,-0.034985602
-0.034985602,-0.034985602
-0.034985602,-0.034985602
-0.034985602,-0.034985602
-0.034985602,-0.034985602
-0.034985602,-0.034985602
-0.034985602,-0.034985602
-0.034985602,-0.034985602
-0.034985602,-0.034985602
-0.034985602,-0.034985602
-0.034985602,-0.034985602
-0.034985602,-0.034985602
-0.034985602,-0.034985602
-0.034985602,-0.034985602
-0.034985602,-0.034985602
-0.034985602,-0.034985602
-0.034985602,-0.034985602
-0.034985602,-0.034985602
-0.034985602,-0.034985602
-0.034985602,-0.034985602
-0.034985602,-0.034985602
-0.034985602,-0.034985602
-0.034985602,-0.034985602
-0.034985602,-0.034985602
-0.034985602,-0.034985602
-0.034985602,-0.034985602
-0.034985602,-0.034985602
-0.034985602,-0.034985602
-0.034985602,-0.034985602
-0.034985602,-0.034985602
-0.034985602,-0.034985602
-0.034985602,-0.034985602
-0.034985602,-0.034985602
-0.034985602,-0.034985602
-0.034985602,-0.034985602
-0.034985602,-0.034985602
-0.034985602,-0.034985602
-0.034985602,-0.034985602
-0.034985602,-0.034985602
-0.034985602,-0.034985602
-0.034985602,-0.034985602
-0.034985602,-0.034985602
-0.034985602,-0.034985602
-0.034985602,-0.034985602
-0.034985602,-0.034985602
-0.034985602,-0.034985602
-0.034985602,-0.034985602
-0.034985602,-0.034985602
-0.034985602,-0.034985602
-0.034985602,-0.034985602
-0.034985602,-0.034985602
-0.034985602,-0.034985602
-0.034985602,-0.034985602
-0.034985602,-0.034985602
-0.034985602,-0.034985602
-0.034985602,-0.034985602
-0.034985602,-0.034985602
-0.034985602,-0.034985602
-0.034985602,-0.034985602
-0.034985602,-0.034985602
-0.034985602,-0.034985602
-0.034985602,-0.034985602
-0.034985602,-0.034985602
-0.034985602,-0.034985602
-0.034985602,-0.034985602
-0.034985602,-0.034985602
-0.034985602,-0.034985602
-0.034985602,-0.034985602
-0.034985602,-0.034985602
-0.034985602,-0.034985602
-0.034985602,-0.034985602
-0.034985602,-0.034985602
-0.034985602,-0.034985602
-0.034985602,-0.034985602
-0.034985602,-0.034985602
-0.034985602,-0.034985602
-0.034985602,-0.034985602
-0.034985602,-0.034985602
-0.034985602,-0.034985602
-0.034985602,-0.034985602
-0.034985602,-0.034985602
-0.034985602,-0.034985602
-0.034985602,-0.034985602
-0.034985602,-0.034985602
-0.034985602,-0.034985602
-0.034985602,-0.034985602
-0.034985602,-0.034985602
-0.034985602,-0.034985602
-0.034985602,-0.034985602
-0.034985602,-0.034985602
-0.034985602,-0.034985602
-0.034985602,-0.034985602
-0.034985602,-0.034985602
-0.034985602,-0.034985602
-0.034985602,-0.034985602
-0.034985602,-0.034985602
-0.034985602,-0.034985602
-0.034985602,-0.034985602
-0.034985602,-0.034985602
-0.034985602,-0.034985602
-0.034985602,-0.034985602
-0.034985602,-0.034985602
-0.034985602,-0.034985602
-0.034985602,-0.034985602
-0.034985602,-0.034985602
-0.034985602,-0.034985602
-0.034985602,-0.034985602
-0.034985602,-0.034985602
-0.034985602,-0.034985602
-0.034985602,-0.034985602
-0.034985602,-0.034985602
-0.034985602,-0.034985602
-0.034985602,-0.034985602
-0.034985602,-0.034985602
-0.034985602,-0.034985602
-0.034985602,-0.034985602
-0.034985602,-0.034985602
-0.034985602,-0.034985602
-0.034985602,-0.034985602
-0.034985602,-0.034985602
-0.034985602,-0.034985602
-0.034985602,-0.034985602
-0.034985602,-0.034985602
-0.034985602,-0.034985602
-0.034985602,-0.034985602
-0.034985602,-0.034985602
-0.034985602,-0.034985602
-0.034985602,-0.034985602
-0.034985602,-0.034985602
-0.034985602,-0.034985602
-0.034985602,-0.034985602
-0.034985602,-0.034985602
-0.034985602,-0.034985602
-0.034985602,-0.034985602
-0.034985602,-0.034985602
-0.034985602,-0.034985602
-0.034985602,-0.034985602
-0.034985602,-0.034985602
-0.034985602,-0.034985602
-0.034985602,-0.034985602
-0.034985602,-0.034985602
-0.034985602,-0.034985602
-0.034985602,-0.034985602
-0.034985602,-0.034985602
-0.034985602,-0.034985602
-0.034985602,-0.034985602
-0.034985602,-0.034985602
-0.034985602,-0.034985602
-0.034985602,-0.034985602
-0.034985602,-0.034985602
-0.034985602,-0.034985602
-0.034985602,-0.034985602
-0.034985602,-0.034985602
-0.034985602,-0.034985602
-0.034985602,-0.034985602
-0.034985602,-0.034985602
-0.034985602,-0.034985602
-0.034985602,-0.034985602
-0.034985602,-0.034985602
-0.034985602,-0.034985602
-0.034985602,-0.034985602
-0.034985602,-0.034985602
-0.034985602,-0.034985602
-0.034985602,-0.034985602
-0.034985602,-0.034985602
-0.034985602,-0.034985602
-0.034985602,-0.034985602
-0.034985602,-0.034985602
-0.034985602,-0.034985602
-0.034985602,-0.034985602
-0.034985602,-0.034985602
-0.034985602,-0.034985602
-0.034985602,-0.034985602
-0.034985602,-0.034985602
-0.034985602,-0.034985602
-0.034985602,-0.034985602
-0.034985602,-0.034985602
-0.034985602,-0.034985602
-0.034985602,-0.034985602
-0.034985602,-0.034985602
-0.034985602,-0.034985602
-0.034985602,-0.034985602
-0.034985602,-0.034985602
-0.034985602,-0.034985602
-0.034985602,-0.034985602
-0.034985602,-0.034985602
-0.034985602,-0.034985602
-0.034985602,-0.034985602
-0.034985602,-0.034985602
-0.034985602,-0.034985602
-0.034985602,-0.034985602
-0.034985602,-0.034985602
-0.034985602,-0.034985602
-0.034985602,-0.034985602
-0.034985602,-0.034985602
-0.034985602,-0.034985602
-0.034985602,-0.034985602
-0.034985602,-0.034985602
-0.034985602,-0.034985602
-0.034985602,-0.034985602
-0.034985602,-0.034985602
-0.034985602,-0.034985602
-0.034985602,-0.034985602
-0.034985602,-0.034985602
-0.034985602,-0.034985602
-0.034985602,-0.034985602
-0.034985602,-0.034985602
-0.034985602,-0.034985602
-0.034985602,-0.034985602
-0.034985602,-0.034985602
-0.034985602,-0.034985602
-0.034985602,-0.034985602
-0.034985602,-0.034985602
-0.034985602,-0.034985602
-0.034985602,-0.034985602
-0.034985602,-0.034985602
-0.034985602,-0.034985602
-0.034985602,-0.034985602
-0.034985602,-0.034985602
-0.034985602,-0.034985602
-0.034985602,-0.034985602
-0.034985602,-0.034985602
-0.034985602,-0.034985602
-0.034985602,-0.034985602
-0.034985602,-0.034985602
-0.034985602,-0.034985602
-0.034985602,-0.034985602
-0.034985602,-0.034985602
-0.034985602,-0.034985602
-0.034985602,-0.034985602
-0.034985602,-0.034985602
-0.034985602,-0.034985602
-0.034985602,-0.034985602
-0.034985602,-0.034985602
-0.034985602,-0.034985602
-0.034985602,-0.034985602
-0.034985602,-0.034985602
-0.034985602,-0.034985602
-0.034985602,-0.034985602
-0.034985602,-0.034985602
-0.034985602,-0.034985602
-0.034985602,-0.034985602
-0.034985602,-0.034985602
-0.034985602,-0.034985602
-0.034985602,-0.034985602
-0.034985602,-0.034985602
-0.034985602,-0.034985602
-0.034985602,-0.034985602
-0.034985602,-0.034985602
-0.034985602,-0.034985602
-0.034985602,-0.034985602
-0.034985602,-0.034985602
-0.034985602,-0.034985602
-0.034985602,-0.034985602
-0.034985602,-0.034985602
-0.034985602,-0.034985602
-0.034985602,-0.034985602
-0.034985602,-0.034985602
-0.034985602,-0.034985602
-0.034985602,-0.034985602
-0.034985602,-0.034985602
-0.034985602,-0.034985602
-0.034985602,-0.034985602
-0.034985602,-0.034985602
-0.034985602,-0.034985602
-0.034985602,-0.034985602
-0.034985602,-0.034985602
-0.034985602,-0.034985602
-0.034985602,-0.034985602
-0.034985602,-0.034985602
-0.034985602,-0.034985602
-0.034985602,-0.034985602
-0.034985602,-0.034985602
-0.034985602,-0.034985602
-0.034985602,-0.034985602
-0.034985602,-0.034985602
-0.034985602,-0.034985602
-0.034985602,-0.034985602
-0.034985602,-0.034985602
-0.034985602,-0.034985602
-0.034985602,-0.034985602
-0.034985602,-0.034985602
-0.034985602,-0.034985602
-0.034985602,-0.034985602
-0.034985602,-0.034985602
-0.034985602,-0.034985602
-0.034985602,-0.034985602
-0.034985602,-0.034985602
-0.034985602,-0.034985602
-0.034985602,-0.034985602
-0.034985602,-0.034985602
-0.034985602,-0.034985602
-0.034985602,-0.034985602
-0.034985602,-0.034985602
-0.034985602,-0.034985602
-0.034985602,-0.034985602
-0.034985602,-0.034985602
-0.034985602,-0.034985602
-0.034985602,-0.034985602
0.08030676,0.08030676
0.08030676,0.08030676
0.08030676,0.08030676
0.08030676,0.08030676
0.08030676,0.08030676
0.08030676,0.08030676
0.08030676,0.08030676
0.08030676,0.08030676
0.08030676,0.08030676
0.08030676,0.08030676
0.08030676,0.08030676
0.08030676,0.08030676
0.08030676,0.08030676
0.08030676,0.08030676
0.08030676,0.08030676
0.08030676,0.08030676
0.08030676,0.08030676
0.08030676,0.08030676
0.08030676,0.08030676
0.08030676,0.08030676
0.08030676,0.08030676
0.08030676,0.08030676
0.08030676,0.08030676
0.08030676,0.08030676
0.08030676,0.08030676
0.08030676,0.08030676
0.08030676,0.08030676
0.08030676,0.08030676
0.08030676,0.08030676
0.08030676,0.08030676
0.08030676,0.08030676
0.08030676,0.08030676
0.08030676,0.08030676
0.08030676,0.08030676
0.08030676,0.08030676
0.08030676,0.08030676
0.08030676,0.08030676
0.08030676,0.08030676
0.08030676,0.08030676
0.08030676,0.08030676
0.08030676,0.08030676
0.08030676,0.08030676
0.08030676,0.08030676
0.08030676,0.08030676
0.08030676,0.08030676
0.08030676,0.08030676
-0.034985602,-0.034985602
-0.034985602,-0.034985602
-0.034985602,-0.034985602
-0.034985602,-0.034985602
-0.034985602,-0.034985602
-0.034985602,-0.034985602
-0.034985602,-0.034985602
-0.034985602,-0.034985602
-0.034985602,-0.034985602
-0.034985602,-0.034985602
-0.034985602,-0.034985602
-0.034985602,-0.034985602
-0.034985602,-0.034985602
-0.034985602,-0.034985602
-0.034985602,-0.034985602
-0.034985602,-0.034985602
-0.034985602,-0.034985602
-0.034985602,-0.034985602
-0.034985602,-0.034985602
-0.034985602,-0.034985602
-0.034985602,-0.034985602
-0.034985602,-0.034985602
-0.034985602,-0.034985602
-0.034985602,-0.034985602
-0.034985602,-0.034985602
-0.034985602,-0.034985602
-0.034985602,-0.034985602
-0.034985602,-0.034985602
-0.034985602,-0.034985602
-0.034985602,-0.034985602
-0.034985602,-0.034985602
-0.034985602,-0.034985602
-0.034985602,-0.034985602
-0.034985602,-0.034985602
-0.034985602,-0.034985602
-0.034985602,-0.034985602
-0.034985602,-0.034985602
-0.034985602,-0.034985602
-0.034985602,-0.034985602
-0.034985602,-0.034985602
-0.034985602,-0.034985602
-0.034985602,-0.034985602
-0.034985602,-0.034985602
-0.034985602,-0.034985602
-0.034985602,-0.034985602
-0.034985602,-0.034985602
-0.034985602,-0.034985602
-0.034985602,-0.034985602
-0.034985602,-0.034985602
-0.034985602,-0.034985602
-0.034985602,-0.034985602
-0.034985602,-0.034985602
-0.034985602,-0.034985602
-0.034985602,-0.034985602
-0.034985602,-0.034985602
-0.034985602,-0.034985602
-0.034985602,-0.034985602
-0.034985602,-0.034985602
-0.034985602,-0.034985602
-0.034985602,-0.034985602
-0.034985602,-0.034985602
-0.034985602,-0.034985602
-0.034985602,-0.034985602
-0.034985602,-0.034985602
-0.034985602,-0.034985602
-0.034985602,-0.034985602
-0.034985602,-0.034985602
-0.034985602,-0.034985602
-0.034985602,-0.034985602
-0.034985602,-0.034985602
-0.034985602,-0.034985602
-0.034985602,-0.034985602
-0.034985602,-0.034985602
-0.034985602,-0.034985602
-0.034985602,-0.034985602
-0.034985602,-0.034985602
-0.034985602,-0.034985602
-0.034985602,-0.034985602
-0.034985602,-0.034985602
-0.034985602,-0.034985602
-0.034985602,-0.034985602
-0.034985602,-0.034985602
-0.034985602,-0.034985602
-0.034985602,-0.034985602
-0.034985602,-0.034985602
-0.034985602,-0.034985602
-0.034985602,-0.034985602
-0.034985602,-0.034985602
-0.034985602,-0.034985602
-0.034985602,-0.034985602
-0.034985602,-0.034985602
-0.034985602,-0.034985602
-0.034985602,-0.034985602
-0.034985602,-0.034985602
-0.034985602,-0.034985602
-0.034985602,-0.034985602
-0.034985602,-0.034985602
-0.034985602,-0.034985602
-0.034985602,-0.034985602
-0.034985602,-0.034985602
-0.034985602,-0.034985602
-0.034985602,-0.034985602
-0.034985602,-0.034985602
-0.034985602,-0.034985602
-0.034985602,-0.034985602
-0.034985602,-0.034985602
-0.034985602,-0.034985602
-0.034985602,-0.034985602
-0.034985602,-0.034985602
-0.034985602,-0.034985602
-0.034985602,-0.034985602
-0.034985602,-0.034985602
-0.034985602,-0.034985602
-0.034985602,-0.034985602
-0.034985602,-0.034985602
-0.034985602,-0.034985602
-0.034985602,-0.034985602
-0.034985602,-0.034985602
-0.034985602,-0.034985602
-0.034985602,-0.034985602
-0.034985602,-0.034985602
-0.034985602,-0.034985602
-0.034985602,-0.034985602
-0.034985602,-0.034985602
-0.034985602,-0.034985602
-0.034985602,-0.034985602
-0.034985602,-0.034985602
-0.034985602,-0.034985602
-0.034985602,-0.034985602
-0.034985602,-0.034985602
-0.034985602,-0.034985602
-0.034985602,-0.034985602
-0.034985602,-0.034985602
-0.034985602,-0.034985602
-0.034985602,-0.034985602
-0.034985602,-0.034985602
-0.034985602,-0.034985602
-0.034985602,-0.034985602
-0.034985602,-0.034985602
-0.034985602,-0.034985602
-0.034985602,-0.034985602
-0.034985602,-0.034985602
-0.034985602,-0.034985602
-0.034985602,-0.034985602
-0.034985602,-0.034985602
-0.034985602,-0.034985602
-0.034985602,-0.034985602
-0.034985602,-0.034985602
-0.034985602,-0.034985602
-0.034985602,-0.034985602
-0.034985602,-0.034985602
-0.034985602,-0.034985602
-0.034985602,-0.034985602
-0.034985602,-0.034985602
-0.034985602,-0.034985602
-0.034985602,-0.034985602
-0.034985602,-0.034985602
-0.034985602,-0.034985602
-0.034985602,-0.034985602
-0.034985602,-0.034985602
-0.034985602,-0.034985602
-0.034985602,-0.034985602
-0.034985602,-0.034985602
-0.034985602,-0.034985602
-0.034985602,-0.034985602
-0.034985602,-0.034985602
-0.034985602,-0.034985602
-0.034985602,-0.034985602
-0.034985602,-0.034985602
-0.034985602,-0.034985602
-0.034985602,-0.034985602
-0.034985602,-0.034985602
-0.034985602,-0.034985602
-0.034985602,-0.034985602
-0.034985602,-0.034985602
-0.034985602,-0.034985602
-0.034985602,-0.034985602
-0.034985602,-0.034985602
-0.034985602,-0.034985602
-0.034985602,-0.034985602
-0.034985602,-0.034985602
-0.034985602,-0.034985602
-0.034985602,-0.034985602
-0.034985602,-0.034985602
-0.034985602,-0.034985602
-0.034985602,-0.034985602
-0.034985602,-0.034985602
-0.034985602,-0.034985602
-0.034985602,-0.034985602
-0.034985602,-0.034985602
-0.034985602,-0.034985602
-0.034985602,-0.034985602
-0.034985602,-0.034985602
-0.034985602,-0.034985602
-0.034985602,-0.034985602
-0.034985602,-0.034985602
-0.034985602,-0.034985602
-0.034985602,-0.034985602
-0.034985602,-0.034985602
-0.034985602,-0.034985602
-0.034985602,-0.034985602
-0.034985602,-0.034985602
-0.034985602,-0.034985602
-0.034985602,-0.034985602
-0.034985602,-0.034985602
-0.034985602,-0.034985602
-0.034985602,-0.034985602
-0.034985602,-0.034985602
-0.034985602,-0.034985602
-0.034985602,-0.034985602
-0.034985602,-0.034985602
-0.034985602,-0.034985602
-0.034985602,-0.034985602
-0.034985602,-0.034985602
-0.034985602,-0.034985602
-0.034985602,-0.034985602
-0.034985602,-0.034985602
-0.034985602,-0.034985602
-0.034985602,-0.034985602
-0.034985602,-0.034985602
-0.034985602,-0.034985602
-0.034985602,-0.034985602
-0.034985602,-0.034985602
-0.034985602,-0.034985602
-0.034985602,-0.034985602
-0.034985602,-0.034985602
-0.034985602,-0.034985602
-0.034985602,-0.034985602
-0.034985602,-0.034985602
-0.034985602,-0.034985602
-0.034985602,-0.034985602
-0.034985602,-0.034985602
-0.034985602,-0.034985602
-0.034985602,-0.034985602
-0.034985602,-0.034985602
-0.034985602,-0.034985602
-0.034985602,-0.034985602
-0.034985602,-0.034985602
-0.034985602,-0.034985602
-0.034985602,-0.034985602
-0.034985602,-0.034985602
-0.034985602,-0.034985602
-0.034985602,-0.034985602
-0.034985602,-0.034985602
-0.034985602,-0.034985602
-0.034985602,-0.034985602
-0.034985602,-0.034985602
-0.034985602,-0.034985602
-0.034985602,-0.034985602
-0.034985602,-0.034985602
-0.034985602,-0.034985602
-0.034985602,-0.034985602
-0.034985602,-0.034985602
-0.034985602,-0.034985602
-0.034985602,-0.034985602
-0.034985602,-0.034985602
-0.034985602,-0.034985602
-0.034985602,-0.034985602
-0.034985602,-0.034985602
-0.034985602,-0.034985602
-0.034985602,-0.034985602
-0.034985602,-0.034985602
-0.034985602,-0.034985602
-0.034985602,-0.034985602
-0.034985602,-0.034985602
-0.034985602,-0.034985602
-0.034985602,-0.034985602
-0.034985602,-0.034985602
-0.034985602,-0.034985602
-0.034985602,-0.034985602
-0.034985602,-0.034985602
-0.034985602,-0.034985602
-0.034985602,-0.034985602
-0.034985602,-0.034985602
-0.034985602,-0.034985602
-0.034985602,-0.034985602
-0.034985602,-0.034985602
-0.034985602,-0.034985602
-0.034985602,-0.034985602
-0.034985602,-0.034985602
-0.034985602,-0.034985602
-0.034985602,-0.034985602
-0.034985602,-0.034985602
-0.034985602,-0.034985602
-0.034985602,-0.034985602
-0.034985602,-0.034985602
-0.034985602,-0.034985602
-0.034985602,-0.034985602
-0.034985602,-0.034985602
-0.034985602,-0.034985602
-0.034985602,-0.034985602
-0.034985602,-0.034985602
-0.034985602,-0.034985602
-0.034985602,-0.034985602
-0.034985602,-0.034985602
-0.034985602,-0.034985602
-0.034985602,-0.034985602
-0.034985602,-0.034985602
-0.034985602,-0.034985602
-0.034985602,-0.034985602
-0.034985602,-0.034985602
-0.034985602,-0.034985602
-0.034985602,-0.034985602
-0.034985602,-0.034985602
-0.034985602,-0.034985602
-0.034985602,-0.034985602
-0.034985602,-0.034985602
-0.034985602,-0.034985602
-0.034985602,-0.034985602
-0.034985602,-0.034985602
-0.034985602,-0.034985602
-0.034985602,-0.034985602
-0.034985602,-0.034985602
-0.034985602,-0.034985602
-0.034985602,-0.034985602
-0.034985602,-0.034985602
-0.034985602,-0.034985602
-0.034985602,-0.034985602
-0.034985602,-0.034985602
-0.034985602,-0.034985602
-0.034985602,-0.034985602
-0.034985602,-0.034985602
-0.034985602,-0.034985602
-0.034985602,-0.034985602
-0.034985602,-0.034985602
-0.034985602,-0.034985602
-0.034985602,-0.034985602
-0.034985602,-0.034985602
-0.034985602,-0.034985602
-0.034985602,-0.034985602
-0.034985602,-0.034985602
-0.034985602,-0.034985602
-0.034985602,-0.034985602
-0.034985602,-0.034985602
-0.034985602,-0.034985602
-0.034985602,-0.034985602
-0.034985602,-0.034985602
-0.034985602,-0.034985602
-0.034985602,-0.034985602
-0.034985602,-0.034985602
-0.034985602,-0.034985602
-0.034985602,-0.034985602
-0.034985602,-0.034985602
-0.034985602,-0.034985602
-0.034985602,-0.034985602
-0.034985602,-0.034985602
-0.034985602,-0.034985602
-0.034985602,-0.034985602
-0.034985602,-0.034985602
-0.034985602,-0.034985602
-0.034985602,-0.034985602
-0.034985602,-0.034985602
-0.034985602,-0.034985602
-0.034985602,-0.034985602
-0.034985602,-0.034985602
-0.034985602,-0.034985602
-0.034985602,-0.034985602
-0.034985602,-0.034985602
-0.034985602,-0.034985602
-0.034985602,-0.034985602
-0.034985602,-0.034985602
-0.034985602,-0.034985602
-0.034985602,-0.034985602
-0.034985602,-0.034985602
-0.034985602,-0.034985602
-0.034985602,-0.034985602
-0.034985602,-0.034985602
-0.034985602,-0.034985602
-0.034985602,-0.034985602
-0.034985602,-0.034985602
-0.034985602,-0.034985602
-0.034985602,-0.034985602
-0.034985602,-0.034985602
-0.034985602,-0.034985602
-0.034985602,-0.034985602
-0.034985602,-0.034985602
-0.034985602,-0.034985602
-0.034985602,-0.034985602
-0.034985602,-0.034985602
-0.034985602,-0.034985602
-0.034985602,-0.034985602
-0.034985602,-0.034985602
-0.034985602,-0.034985602
-0.034985602,-0.034985602
-0.034985602,-0.034985602
-0.034985602,-0.034985602
-0.034985602,-0.034985602
-0.034985602,-0.034985602
-0.034985602,-0.034985602
-0.034985602,-0.034985602
-0.034985602,-0.034985602
-0.034985602,-0.034985602
-0.034985602,-0.034985602
-0.034985602,-0.034985602
-0.034985602,-0.034985602
-0.034985602,-0.034985602
-0.034985602,-0.034985602
-0.034985602,-0.034985602
-0.034985602,-0.034985602
-0.034985602,-0.034985602
-0.034985602,-0.034985602
-0.034985602,-0.034985602
-0.034985602,-0.034985602
-0.034985602,-0.034985602
-0.034985602,-0.034985602
-0.034985602,-0.034985602
-0.034985602,-0.034985602
-0.034985602,-0.034985602
-0.034985602,-0.034985602
-0.034985602,-0.034985602
-0.034985602,-0.034985602
-0.034985602,-0.034985602
-0.034985602,-0.034985602
-0.034985602,-0.034985602
-0.034985602,-0.034985602
-0.034985602,-0.034985602
-0.034985602,-0.034985602
-0.034985602,-0.034985602
-0.034985602,-0.034985602
-0.034985602,-0.034985602
-0.034985602,-0.034985602
-0.034985602,-0.034985602
-0.034985602,-0.034985602
-0.034985602,-0.034985602
-0.034985602,-0.034985602
-0.034985602,-0.034985602
-0.034985602,-0.034985602
-0.034985602,-0.034985602
-0.034985602,-0.034985602
-0.034985602,-0.034985602
-0.034985602,-0.034985602
-0.034985602,-0.034985602
-0.034985602,-0.034985602
-0.034985602,-0.034985602
-0.034985602,-0.034985602
-0.034985602,-0.034985602
-0.034985602,-0.034985602
-0.034985602,-0.034985602
-0.034985602,-0.034985602
-0.034985602,-0.034985602
-0.034985602,-0.034985602
-0.034985602,-0.034985602
-0.034985602,-0.034985602
-0.034985602,-0.034985602
-0.034985602,-0.034985602
-0.034985602,-0.034985602
-0.034985602,-0.034985602
-0.034985602,-0.034985602
-0.034985602,-0.034985602
-0.034985602,-0.034985602
-0.034985602,-0.034985602
-0.034985602,-0.034985602
-0.034985602,-0.034985602
-0.034985602,-0.034985602
-0.034985602,-0.034985602
-0.034985602,-0.034985602
-0.034985602,-0.034985602
-0.034985602,-0.034985602
-0.034985602,-0.034985602
-0.034985602,-0.034985602
-0.034985602,-0.034985602
-0.034985602,-0.034985602
-0.034985602,-0.034985602
-0.034985602,-0.034985602
-0.034985602,-0.034985602
-0.034985602,-0.034985602
-0.034985602,-0.034985602
-0.034985602,-0.034985602
-0.034985602,-0.034985602
-0.034985602,-0.034985602
-0.034985602,-0.034985602
-0.034985602,-0.034985602
-0.034985602,-0.034985602
-0.034985602,-0.034985602
-0.034985602,-0.034985602
-0.034985602,-0.034985602
-0.034985602,-0.034985602
-0.034985602,-0.034985602
-0.034985602,-0.034985602
-0.034985602,-0.034985602
-0.034985602,-0.034985602
-0.034985602,-0.034985602
-0.034985602,-0.034985602
-0.034985602,-0.034985602
-0.034985602,-0.034985602
-0.034985602,-0.034985602
-0.034985602,-0.034985602
-0.034985602,-0.034985602
-0.034985602,-0.034985602
-0.034985602,-0.034985602
-0.034985602,-0.034985602
-0.034985602,-0.034985602
-0.034985602,-0.034985602
-0.034985602,-0.034985602
-0.034985602,-0.034985602
-0.034985602,-0.034985602
-0.034985602,-0.034985602
-0.034985602,-0.034985602
-0.034985602,-0.034985602
-0.034985602,-0.034985602
-0.034985602,-0.034985602
-0.034985602,-0.034985602
-0.034985602,-0.034985602
-0.034985602,-0.034985602
-0.034985602,-0.034985602
-0.034985602,-0.034985602
-0.034985602,-0.034985602
-0.034985602,-0.034985602
-0.034985602,-0.034985602
-0.034985602,-0.034985602
-0.034985602,-0.034985602
-0.034985602,-0.034985602
-0.034985602,-0.034985602
-0.034985602,-0.034985602
-0.034985602,-0.034985602
-0.034985602,-0.034985602
-0.034985602,-0.034985602
-0.034985602,-0.034985602
-0.034985602,-0.034985602
-0.034985602,-0.034985602
-0.034985602,-0.034985602
-0.034985602,-0.034985602
-0.034985602,-0.034985602
-0.034985602,-0.034985602
-0.034985602,-0.034985602
-0.034985602,-0.034985602
-0.034985602,-0.034985602
-0.034985602,-0.034985602
-0.034985602,-0.034985602
-0.034985602,-0.034985602
-0.034985602,-0.034985602
-0.034985602,-0.034985602
-0.034985602,-0.034985602
-0.034985602,-0.034985602
-0.034985602,-0.034985602
-0.034985602,-0.034985602
-0.034985602,-0.034985602
-0.034985602,-0.034985602
-0.034985602,-0.034985602
-0.034985602,-0.034985602
-0.034985602,-0.034985602
-0.034985602,-0.034985602
-0.034985602,-0.034985602
-0.034985602,-0.034985602
-0.034985602,-0.034985602
-0.034985602,-0.034985602
-0.034985602,-0.034985602
-0.034985602,-0.034985602
-0.034985602,-0.034985602
-0.034985602,-0.034985602
-0.034985602,-0.034985602
-0.034985602,-0.034985602
-0.034985602,-0.034985602
-0.034985602,-0.034985602
-0.034985602,-0.034985602
-0.034985602,-0.034985602
-0.034985602,-0.034985602
-0.034985602,-0.034985602
-0.034985602,-0.034985602
-0.034985602,-0.034985602
-0.034985602,-0.034985602
-0.034985602,-0.034985602
-0.034985602,-0.034985602
-0.034985602,-0.034985602
-0.034985602,-0.034985602
-0.034985602,-0.034985602
0.7084766,0.7084766
0.7084766,0.7084766
0.7084766,0.7084766
0.7084766,0.7084766
0.7084766,0.7084766
0.7084766,0.7084766
0.7084766,0.7084766
0.7084766,0.7084766
0.7084766,0.7084766
0.7084766,0.7084766
0.7084766,0.7084766
0.7084766,0.7084766
0.7084766,0.7084766
0.7084766,0.7084766
0.7084766,0.7084766
0.7084766,0.7084766
0.7084766,0.7084766
0.7084766,0.7084766
0.7084766,0.7084766
0.7084766,0.7084766
0.7084766,0.7084766
0.7084766,0.7084766
0.7084766,0.7084766
0.7084766,0.7084766
0.7084766,0.7084766
0.7084766,0.7084766
0.7084766,0.7084766
0.7084766,0.7084766
0.7084766,0.7084766
0.7084766,0.7084766
0.7084766,0.7084766
0.7084766,0.7084766
0.7084766,0.7084766
0.7084766,0.7084766
0.7084766,0.7084766
0.7084766,0.7084766
0.7084766,0.7084766
0.7084766,0.7084766
0.7084766,0.7084766
0.7084766,0.7084766
0.7084766,0.7084766
0.7084766,0.7084766
0.7084766,0.7084766
0.7084766,0.7084766
0.7084766,0.7084766
0.7084766,0.7084766
0.7084766,0.7084766
0.7084766,0.7084766
0.7084766,0.7084766
0.7084766,0.7084766
0.7084766,0.7084766
0.7084766,0.7084766
0.7084766,0.7084766
0.7084766,0.7084766
0.7084766,0.7084766
0.7084766,0.7084766
0.7084766,0.7084766
0.7084766,0.7084766
0.7084766,0.7084766
0.7084766,0.7084766
0.7084766,0.7084766
0.7084766,0.7084766
0.7084766,0.7084766
0.7084766,0.7084766
0.7084766,0.7084766
0.7084766,0.7084766
0.7084766,0.7084766
0.7084766,0.7084766
0.7084766,0.7084766
0.7084766,0.7084766
0.7084766,0.7084766
0.7084766,0.7084766
0.7084766,0.7084766
0.7084766,0.7084766
0.7084766,0.7084766
0.7084766,0.7084766
0.7084766,0.7084766
0.7084766,0.7084766
0.7084766,0.7084766
0.7084766,0.7084766
0.7084766,0.7084766
0.7084766,0.7084766
0.7084766,0.7084766
0.7084766,0.7084766
0.7084766,0.7084766
0.7084766,0.7084766
0.7084766,0.7084766
0.7084766,0.7084766
0.7084766,0.7084766
0.7084766,0.7084766
0.7084766,0.7084766
0.7084766,0.7084766
0.7084766,0.7084766
0.7084766,0.7084766
0.7084766,0.7084766
0.7084766,0.7084766
0.7084766,0.7084766
0.7084766,0.7084766
0.7084766,0.7084766
0.7084766,0.7084766
0.7084766,0.7084766
0.7084766,0.7084766
0.7084766,0.7084766
0.7084766,0.7084766
0.7084766,0.7084766
0.7084766,0.7084766
0.7084766,0.7084766
0.7084766,0.7084766
0.7084766,0.7084766
0.7084766,0.7084766
0.7084766,0.7084766
0.7084766,0.7084766
0.7084766,0.7084766
0.7084766,0.7084766
0.7084766,0.7084766
0.7084766,0.7084766
0.7084766,0.7084766
0.7084766,0.7084766
0.7084766,0.7084766
0.7084766,0.7084766
0.7084766,0.7084766
0.7084766,0.7084766
0.7084766,0.7084766
0.7084766,0.7084766
0.7084766,0.7084766
0.7084766,0.7084766
0.7084766,0.7084766
0.7084766,0.7084766
0.7084766,0.7084766
0.7084766,0.7084766
0.7084766,0.7084766
0.7084766,0.7084766
0.7084766,0.7084766
0.7084766,0.7084766
0.7084766,0.7084766
0.7084766,0.7084766
0.7084766,0.7084766
0.7084766,0.7084766
0.7084766,0.7084766
0.7084766,0.7084766
0.7084766,0.7084766
0.7084766,0.7084766
0.7084766,0.7084766
0.7084766,0.7084766
0.7084766,0.7084766
0.7084766,0.7084766
0.7084766,0.7084766
0.7084766,0.7084766
0.7084766,0.7084766
0.7084766,0.7084766
0.7084766,0.7084766
0.7084766,0.7084766
0.7084766,0.7084766
0.7084766,0.7084766
0.7084766,0.7084766
0.7084766,0.7084766
0.7084766,0.7084766
0.7084766,0.7084766
0.7084766,0.7084766
0.7084766,0.7084766
0.7084766,0.7084766
0.7084766,0.7084766
0.7084766,0.7084766
0.7084766,0.7084766
0.7084766,0.7084766
0.7084766,0.7084766
0.7084766,0.7084766
0.7084766,0.7084766
0.7084766,0.7084766
0.7084766,0.7084766
0.7084766,0.7084766
0.7084766,0.7084766
0.7084766,0.7084766
0.7084766,0.7084766
0.7084766,0.7084766
0.7084766,0.7084766
0.7084766,0.7084766
0.7084766,0.7084766
0.7084766,0.7084766
0.7084766,0.7084766
0.7084766,0.7084766
0.7084766,0.7084766
0.7084766,0.7084766
0.7084766,0.7084766
0.7084766,0.7084766
0.7084766,0.7084766
0.7084766,0.7084766
0.7084766,0.7084766
0.7084766,0.7084766
0.7084766,0.7084766
0.7084766,0.7084766
0.7084766,0.7084766
0.7084766,0.7084766
0.7084766,0.7084766
0.7084766,0.7084766
0.7084766,0.7084766
0.7084766,0.7084766
0.7084766,0.7084766
0.7084766,0.7084766
0.7084766,0.7084766
0.7084766,0.7084766
0.7084766,0.7084766
0.7084766,0.7084766
0.7084766,0.7084766
0.7084766,0.7084766
0.7084766,0.7084766
0.7084766,0.7084766
0.7084766,0.7084766
0.7084766,0.7084766
0.7084766,0.7084766
0.7084766,0.7084766
0.7084766,0.7084766
0.7084766,0.7084766
0.7084766,0.7084766
0.7084766,0.7084766
0.7084766,0.7084766
0.7084766,0.7084766
0.7084766,0.7084766
0.7084766,0.7084766
0.7084766,0.7084766
0.7084766,0.7084766
-0.034985602,-0.034985602
-0.034985602,-0.034985602
-0.034985602,-0.034985602
-0.034985602,-0.034985602
-0.034985602,-0.034985602
-0.034985602,-0.034985602
-0.034985602,-0.034985602
-0.034985602,-0.034985602
-0.034985602,-0.034985602
-0.034985602,-0.034985602
-0.034985602,-0.034985602
-0.034985602,-0.034985602
-0.034985602,-0.034985602
-0.034985602,-0.034985602
-0.034985602,-0.034985602
-0.034985602,-0.034985602
-0.034985602,-0.034985602
-0.034985602,-0.034985602
-0.034985602,-0.034985602
-0.034985602,-0.034985602
-0.034985602,-0.034985602
-0.034985602,-0.034985602
-0.034985602,-0.034985602
-0.034985602,-0.034985602
-0.034985602,-0.034985602
-0.034985602,-0.034985602
-0.034985602,-0.034985602
-0.034985602,-0.034985602
-0.034985602,-0.034985602
-0.034985602,-0.034985602
-0.034985602,-0.034985602
-0.034985602,-0.034985602
-0.034985602,-0.034985602
-0.034985602,-0.034985602
-0.034985602,-0.034985602
-0.034985602,-0.034985602
-0.034985602,-0.034985602
-0.034985602,-0.034985602
-0.034985602,-0.034985602
-0.034985602,-0.034985602
-0.023923375,-0.023923375
-0.023923375,-0.023923375
-0.023923375,-0.023923375
-0.023923375,-0.023923375
-0.023923375,-0.023923375
-0.023923375,-0.023923375
-0.023923375,-0.023923375
-0.023923375,-0.023923375
-0.023923375,-0.023923375
-0.023923375,-0.023923375
-0.023923375,-0.023923375
-0.023923375,-0.023923375
-0.023923375,-0.023923375
-0.023923375,-0.023923375
-0.023923375,-0.023923375
-0.023923375,-0.023923375
-0.023923375,-0.023923375
-0.023923375,-0.023923375
-0.023923375,-0.023923375
-0.023923375,-0.023923375
-0.023923375,-0.023923375
-0.023923375,-0.023923375
-0.023923375,-0.023923375
-0.023923375,-0.023923375
-0.023923375,-0.023923375
-0.023923375,-0.023923375
-0.023923375,-0.023923375
-0.023923375,-0.023923375
-0.023923375,-0.023923375
-0.023923375,-0.023923375
-0.023923375,-0.023923375
-0.023923375,-0.023923375
-0.023923375,-0.023923375
-0.023923375,-0.023923375
-0.023923375,-0.023923375
-0.023923375,-0.023923375
-0.023923375,-0.023923375
-0.023923375,-0.023923375
-0.023923375,-0.023923375
-0.023923375,-0.023923375
-0.023923375,-0.023923375
-0.023923375,-0.023923375
-0.023923375,-0.023923375
-0.023923375,-0.023923375
-0.023923375,-0.023923375
-0.023923375,-0.023923375
-0.023923375,-0.023923375
-0.023923375,-0.023923375
-0.023923375,-0.023923375
-0.023923375,-0.023923375
-0.023923375,-0.023923375
-0.023923375,-0.023923375
-0.023923375,-0.023923375
-0.023923375,-0.023923375
-0.023923375,-0.023923375
-0.023923375,-0.023923375
-0.023923375,-0.023923375
-0.023923375,-0.023923375
-0.023923375,-0.023923375
-0.023923375,-0.023923375
-0.023923375,-0.023923375
-0.023923375,-0.023923375
-0.023923375,-0.023923375
-0.023923375,-0.023923375
-0.023923375,-0.023923375
-0.023923375,-0.023923375
-0.023923375,-0.023923375
-0.023923375,-0.023923375
-0.023923375,-0.023923375
-0.023923375,-0.023923375
-0.023923375,-0.023923375
-0.023923375,-0.023923375
-0.023923375,-0.023923375
-0.023923375,-0.023923375
-0.023923375,-0.023923375
-0.023923375,-0.023923375
-0.023923375,-0.023923375
-0.023923375,-0.023923375
-0.023923375,-0.023923375
-0.023923375,-0.023923375
-0.023923375,-0.023923375
-0.023923375,-0.023923375
-0.023923375,-0.023923375
-0.023923375,-0.023923375
-0.023923375,-0.023923375
-0.023923375,-0.023923375
-0.023923375,-0.023923375
-0.023923375,-0.023923375
-0.023923375,-0.023923375
-0.023923375,-0.023923375
-0.023923375,-0.023923375
-0.023923375,-0.023923375
-0.023923375,-0.023923375
-0.023923375,-0.023923375
-0.023923375,-0.023923375
-0.023923375,-0.023923375
-0.023923375,-0.023923375
-0.023923375,-0.023923375
-0.023923375,-0.023923375
-0.023923375,-0.023923375
-0.023923375,-0.023923375
-0.023923375,-0.023923375
-0.023923375,-0.023923375
-0.023923375,-0.023923375
-0.023923375,-0.023923375
-0.023923375,-0.023923375
-0.023923375,-0.023923375
-0.023923375,-0.023923375
-0.023923375,-0.023923375
-0.023923375,-0.023923375
-0.023923375,-0.023923375
-0.023923375,-0.023923375
-0.023923375,-0.023923375
-0.023923375,-0.023923375
-0.023923375,-0.023923375
-0.023923375,-0.023923375
-0.023923375,-0.023923375
-0.023923375,-0.023923375
-0.023923375,-0.023923375
-0.023923375,-0.023923375
-0.023923375,-0.023923375
-0.023923375,-0.023923375
-0.023923375,-0.023923375
-0.023923375,-0.023923375
-0.023923375,-0.023923375
-0.023923375,-0.023923375
-0.023923375,-0.023923375
-0.023923375,-0.023923375
-0.023923375,-0.023923375
-0.023923375,-0.023923375
-0.023923375,-0.023923375
-0.023923375,-0.023923375
-0.023923375,-0.023923375
-0.023923375,-0.023923375
-0.023923375,-0.023923375
-0.023923375,-0.023923375
-0.023923375,-0.023923375
-0.023923375,-0.023923375
-0.023923375,-0.023923375
-0.023923375,-0.023923375
-0.023923375,-0.023923375
-0.023923375,-0.023923375
-0.023923375,-0.023923375
-0.023923375,-0.023923375
-0.023923375,-0.023923375
-0.023923375,-0.023923375
-0.023923375,-0.023923375
-0.023923375,-0.023923375
-0.023923375,-0.023923375
-0.023923375,-0.023923375
-0.023923375,-0.023923375
-0.023923375,-0.023923375
-0.023923375,-0.023923375
-0.023923375,-0.023923375
-0.023923375,-0.023923375
-0.023923375,-0.023923375
-0.023923375,-0.023923375
-0.023923375,-0.023923375
-0.023923375,-0.023923375
-0.023923375,-0.023923375
-0.023923375,-0.023923375
-0.023923375,-0.023923375
-0.023923375,-0.023923375
-0.023923375,-0.023923375
-0.023923375,-0.023923375
-0.023923375,-0.023923375
-0.023923375,-0.023923375
-0.023923375,-0.023923375
-0.023923375,-0.023923375
-0.023923375,-0.023923375
-0.023923375,-0.023923375
-0.023923375,-0.023923375
-0.023923375,-0.023923375
-0.023923375,-0.023923375
-0.023923375,-0.023923375
-0.023923375,-0.023923375
-0.023923375,-0.023923375
-0.023923375,-0.023923375
-0.023923375,-0.023923375
-0.023923375,-0.023923375
-0.023923375,-0.023923375
-0.023923375,-0.023923375
-0.023923375,-0.023923375
-0.023923375,-0.023923375
-0.023923375,-0.023923375
-0.023923375,-0.023923375
-0.023923375,-0.023923375
-0.023923375,-0.023923375
-0.023923375,-0.023923375
-0.023923375,-0.023923375
-0.023923375,-0.023923375
-0.023923375,-0.023923375
-0.023923375,-0.023923375
-0.023923375,-0.023923375
-0.023923375,-0.023923375
-0.023923375,-0.023923375
-0.023923375,-0.023923375
-0.023923375,-0.023923375
-0.023923375,-0.023923375
-0.023923375,-0.023923375
-0.023923375,-0.023923375
-0.023923375,-0.023923375
-0.023923375,-0.023923375
-0.023923375,-0.023923375
-0.023923375,-0.023923375
-0.023923375,-0.023923375
-0.023923375,-0.023923375
-0.034985602,-0.034985602
-0.034985602,-0.034985602
-0.034985602,-0.034985602
-0.034985602,-0.034985602
-0.034985602,-0.034985602
-0.034985602,-0.034985602
-0.034985602,-0.034985602
-0.034985602,-0.034985602
-0.034985602,-0.034985602
-0.034985602,-0.034985602
-0.034985602,-0.034985602
-0.034985602,-0.034985602
-0.034985602,-0.034985602
-0.034985602,-0.034985602
-0.034985602,-0.034985602
-0.034985602,-0.034985602
-0.034985602,-0.034985602
-0.034985602,-0.034985602
-0.034985602,-0.034985602
-0.034985602,-0.034985602
-0.034985602,-0.034985602
-0.034985602,-0.034985602
-0.034985602,-0.034985602
-0.034985602,-0.034985602
-0.034985602,-0.034985602
-0.034985602,-0.034985602
-0.034985602,-0.034985602
-0.034985602,-0.034985602
-0.22051033,-0.22051033
-0.22051033,-0.22051033
-0.22051033,-0.22051033
-0.22051033,-0.22051033
-0.22051033,-0.22051033
-0.22051033,-0.22051033
-0.22051033,-0.22051033
-0.22051033,-0.22051033
-0.22051033,-0.22051033
-0.22051033,-0.22051033
-0.22051033,-0.22051033
-0.22051033,-0.22051033
-0.22051033,-0.22051033
-0.22051033,-0.22051033
-0.22051033,-0.22051033
-0.22051033,-0.22051033
-0.22051033,-0.22051033
-0.22051033,-0.22051033
-0.22051033,-0.22051033
-0.22051033,-0.22051033
-0.22051033,-0.22051033
-0.22051033,-0.22051033
-0.22051033,-0.22051033
-0.22051033,-0.22051033
-0.22051033,-0.22051033
-0.22051033,-0.22051033
-0.22051033,-0.22051033
-0.22051033,-0.22051033
-0.22051033,-0.22051033
-0.22051033,-0.22051033
-0.22051033,-0.22051033
-0.22051033,-0.22051033
-0.22051033,-0.22051033
-0.22051033,-0.22051033
-0.22051033,-0.22051033
-0.22051033,-0.22051033
-0.22051033,-0.22051033
-0.22051033,-0.22051033
-0.22051033,-0.22051033
-0.22051033,-0.22051033
-0.22051033,-0.22051033
-0.22051033,-0.22051033
-0.22051033,-0.22051033
-0.22051033,-0.22051033
-0.22051033,-0.22051033
-0.22051033,-0.22051033
-0.22051033,-0.22051033
-0.22051033,-0.22051033
-0.22051033,-0.22051033
-0.22051033,-0.22051033
-0.22051033,-0.22051033
-0.22051033,-0.22051033
-0.22051033,-0.22051033
-0.22051033,-0.22051033
-0.22051033,-0.22051033
-0.22051033,-0.22051033
-0.22051033,-0.22051033
-0.22051033,-0.22051033
-0.22051033,-0.22051033
-0.22051033,-0.22051033
-0.22051033,-0.22051033
-0.22051033,-0.22051033
-0.22051033,-0.22051033
-0.22051033,-0.22051033
-0.22051033,-0.22051033
-0.22051033,-0.22051033
-0.22051033,-0.22051033
-0.22051033,-0.22051033
-0.034985602,-0.034985602
-0.034985602,-0.034985602
-0.034985602,-0.034985602
-0.034985602,-0.034985602
0.77406377,0.77406377
0.77406377,0.77406377
0.77406377,0.77406377
0.77406377,0.77406377
0.77406377,0.77406377
0.77406377,0.77406377
0.77406377,0.77406377
0.77406377,0.77406377
0.77406377,0.77406377
0.77406377,0.77406377
0.77406377,0.77406377
0.77406377,0.77406377
0.77406377,0.77406377
0.77406377,0.77406377
0.77406377,0.77406377
0.77406377,0.77406377
0.77406377,0.77406377
0.77406377,0.77406377
0.77406377,0.77406377
0.77406377,0.77406377
0.77406377,0.77406377
0.77406377,0.77406377
0.77406377,0.77406377
0.77406377,0.77406377
0.77406377,0.77406377
0.77406377,0.77406377
0.77406377,0.77406377
0.77406377,0.77406377
0.77406377,0.77406377
0.77406377,0.77406377
0.77406377,0.77406377
0.77406377,0.77406377
0.77406377,0.77406377
0.77406377,0.77406377
0.77406377,0.77406377
0.77406377,0.77406377
0.77406377,0.77406377
0.77406377,0.77406377
0.77406377,0.77406377
0.77406377,0.77406377
0.77406377,0.77406377
0.77406377,0.77406377
0.77406377,0.77406377
0.77406377,0.77406377
0.77406377,0.77406377
0.77406377,0.77406377
0.77406377,0.77406377
0.77406377,0.77406377
0.77406377,0.77406377
0.77406377,0.77406377
0.77406377,0.77406377
0.77406377,0.77406377
0.77406377,0.77406377
0.77406377,0.77406377
0.77406377,0.77406377
0.77406377,0.77406377
0.77406377,0.77406377
0.77406377,0.77406377
0.77406377,0.77406377
0.77406377,0.77406377
0.77406377,0.77406377
0.77406377,0.77406377
0.77406377,0.77406377
0.77406377,0.77406377
0.77406377,0.77406377
0.77406377,0.77406377
0.77406377,0.77406377
0.77406377,0.77406377
0.77406377,0.77406377
0.77406377,0.77406377
0.77406377,0.77406377
0.77406377,0.77406377
0.77406377,0.77406377
0.77406377,0.77406377
0.77406377,0.77406377
0.77406377,0.77406377
0.77406377,0.77406377
0.77406377,0.77406377
0.77406377,0.77406377
0.77406377,0.77406377
0.77406377,0.77406377
0.77406377,0.77406377
0.77406377,0.77406377
0.77406377,0.77406377
0.77406377,0.77406377
0.77406377,0.77406377
0.77406377,0.77406377
0.77406377,0.77406377
0.77406377,0.77406377
0.77406377,0.77406377
0.77406377,0.77406377
0.77406377,0.77406377
0.77406377,0.77406377
0.77406377,0.77406377
0.77406377,0.77406377
0.77406377,0.77406377
0.77406377,0.77406377
0.77406377,0.77406377
0.77406377,0.77406377
0.77406377,0.77406377
0.77406377,0.77406377
0.77406377,0.77406377
0.77406377,0.77406377
0.77406377,0.77406377
0.77406377,0.77406377
0.77406377,0.77406377
0.77406377,0.77406377
0.77406377,0.77406377
0.77406377,0.77406377
0.77406377,0.77406377
0.77406377,0.77406377
0.77406377,0.77406377
0.77406377,0.77406377
0.77406377,0.77406377
0.77406377,0.77406377
0.77406377,0.77406377
0.77406377,0.77406377
0.77406377,0.77406377
0.77406377,0.77406377
0.77406377,0.77406377
0.77406377,0.77406377
0.77406377,0.77406377
0.77406377,0.77406377
0.77406377,0.77406377
0.77406377,0.77406377
0.77406377,0.77406377
0.77406377,0.77406377
0.77406377,0.77406377
0.77406377,0.77406377
0.77406377,0.77406377
0.77406377,0.77406377
0.77406377,0.77406377
0.77406377,0.77406377
0.77406377,0.77406377
0.77406377,0.77406377
0.77406377,0.77406377
0.77406377,0.77406377
0.77406377,0.77406377
0.77406377,0.77406377
0.77406377,0.77406377
0.77406377,0.77406377
0.77406377,0.77406377
0.77406377,0.77406377
0.77406377,0.77406377
0.77406377,0.77406377
0.77406377,0.77406377
0.77406377,0.77406377
0.77406377,0.77406377
0.77406377,0.77406377
0.77406377,0.77406377
0.77406377,0.77406377
0.77406377,0.77406377
0.77406377,0.77406377
0.77406377,0.77406377
0.77406377,0.77406377
0.77406377,0.77406377
0.77406377,0.77406377
0.77406377,0.77406377
0.77406377,0.77406377
0.77406377,0.77406377
0.77406377,0.77406377
0.77406377,0.77406377
0.77406377,0.77406377
0.77406377,0.77406377
0.77406377,0.77406377
0.77406377,0.77406377
0.77406377,0.77406377
0.77406377,0.77406377
0.77406377,0.77406377
0.77406377,0.77406377
0.77406377,0.77406377
0.77406377,0.77406377
0.77406377,0.77406377
0.77406377,0.77406377
0.77406377,0.77406377
0.77406377,0.77406377
0.77406377,0.77406377
0.77406377,0.77406377
0.77406377,0.77406377
0.77406377,0.77406377
0.77406377,0.77406377
0.77406377,0.77406377
0.77406377,0.77406377
0.77406377,0.77406377
0.77406377,0.77406377
0.77406377,0.77406377
0.77406377,0.77406377
0.77406377,0.77406377
0.77406377,0.77406377
0.77406377,0.77406377
0.77406377,0.77406377
0.77406377,0.77406377
0.77406377,0.77406377
0.77406377,0.77406377
0.77406377,0.77406377
0.77406377,0.77406377
0.77406377,0.77406377
0.77406377,0.77406377
0.77406377,0.77406377
0.77406377,0.77406377
0.77406377,0.77406377
0.77406377,0.77406377
0.77406377,0.77406377
0.77406377,0.77406377
0.77406377,0.77406377
0.77406377,0.77406377
0.77406377,0.77406377
0.77406377,0.77406377
0.77406377,0.77406377
0.77406377,0.77406377
0.77406377,0.77406377
0.77406377,0.77406377
0.77406377,0.77406377
0.77406377,0.77406377
0.77406377,0.77406377
0.77406377,0.77406377
0.77406377,0.77406377
0.77406377,0.77406377
0.77406377,0.77406377
0.77406377,0.77406377
0.77406377,0.77406377
0.77406377,0.77406377
0.77406377,0.77406377
0.77406377,0.77406377
0.77406377,0.77406377
0.77406377,0.77406377
0.77406377,0.77406377
0.77406377,0.77406377
0.77406377,0.77406377
0.77406377,0.77406377
0.77406377,0.77406377
0.77406377,0.77406377
0.77406377,0.77406377
0.77406377,0.77406377
0.77406377,0.77406377
0.77406377,0.77406377
0.77406377,0.77406377
0.77406377,0.77406377
0.77406377,0.77406377
0.77406377,0.77406377
0.77406377,0.77406377
0.77406377,0.77406377
0.77406377,0.77406377
0.77406377,0.77406377
0.77406377,0.77406377
0.77406377,0.77406377
0.77406377,0.77406377
0.77406377,0.77406377
0.77406377,0.77406377
0.77406377,0.77406377
0.77406377,0.77406377
0.77406377,0.77406377
0.77406377,0.77406377
0.77406377,0.77406377
0.77406377,0.77406377
0.77406377,0.77406377
0.77406377,0.77406377
0.77406377,0.77406377
0.77406377,0.77406377
0.77406377,0.77406377
0.77406377,0.77406377
0.77406377,0.77406377
0.77406377,0.77406377
0.77406377,0.77406377
0.77406377,0.77406377
0.77406377,0.77406377
0.77406377,0.77406377
0.77406377,0.77406377
0.77406377,0.77406377
0.77406377,0.77406377
0.77406377,0.77406377
0.77406377,0.77406377
0.77406377,0.77406377
0.77406377,0.77406377
0.77406377,0.77406377
0.77406377,0.77406377
0.77406377,0.77406377
0.77406377,0.77406377
0.77406377,0.77406377
0.77406377,0.77406377
0.77406377,0.77406377
0.77406377,0.77406377
0.77406377,0.77406377
0.77406377,0.77406377
0.77406377,0.77406377
0.77406377,0.77406377
0.77406377,0.77406377
0.77406377,0.77406377
0.77406377,0.77406377
0.77406377,0.77406377
0.77406377,0.77406377
0.77406377,0.77406377
0.77406377,0.77406377
0.77406377,0.77406377
0.77406377,0.77406377
0.77406377,0.77406377
0.77406377,0.77406377
0.77406377,0.77406377
0.77406377,0.77406377
0.77406377,0.77406377
0.77406377,0.77406377
0.77406377,0.77406377
0.77406377,0.77406377
0.77406377,0.77406377
0.77406377,0.77406377
0.77406377,0.77406377
0.77406377,0.77406377
0.77406377,0.77406377
0.77406377,0.77406377
0.77406377,0.77406377
0.77406377,0.77406377
0.77406377,0.77406377
0.77406377,0.77406377
0.77406377,0.77406377
0.77406377,0.77406377
0.77406377,0.77406377
0.77406377,0.77406377
0.77406377,0.77406377
0.77406377,0.77406377
0.77406377,0.77406377
0.77406377,0.77406377
0.77406377,0.77406377
0.77406377,0.77406377
0.77406377,0.77406377
0.77406377,0.77406377
0.77406377,0.77406377
0.77406377,0.77406377
0.77406377,0.77406377
0.77406377,0.77406377
0.77406377,0.77406377
0.77406377,0.77406377
0.77406377,0.77406377
0.77406377,0.77406377
0.77406377,0.77406377
0.77406377,0.77406377
0.77406377,0.77406377
0.77406377,0.77406377
0.77406377,0.77406377
0.77406377,0.77406377
0.77406377,0.77406377
0.77406377,0.77406377
0.77406377,0.77406377
0.77406377,0.77406377
0.77406377,0.77406377
0.77406377,0.77406377
0.77406377,0.77406377
0.77406377,0.77406377
0.77406377,0.77406377
0.77406377,0.77406377
0.77406377,0.77406377
0.77406377,0.77406377
0.77406377,0.77406377
0.77406377,0.77406377
0.77406377,0.77406377
0.77406377,0.77406377
0.77406377,0.77406377
0.77406377,0.77406377
0.77406377,0.77406377
0.77406377,0.77406377
0.77406377,0.77406377
0.77406377,0.77406377
0.77406377,0.77406377
0.77406377,0.77406377
0.77406377,0.77406377
0.77406377,0.77406377
0.77406377,0.77406377
0.77406377,0.77406377
0.77406377,0.77406377
0.77406377,0.77406377
0.77406377,0.77406377
0.77406377,0.77406377
0.77406377,0.77406377
0.77406377,0.77406377
0.77406377,0.77406377
0.77406377,0.77406377
0.77406377,0.77406377
0.77406377,0.77406377
0.77406377,0.77406377
0.77406377,0.77406377
0.77406377,0.77406377
0.77406377,0.77406377
0.77406377,0.77406377
0.77406377,0.77406377
0.77406377,0.77406377
0.77406377,0.77406377
0.77406377,0.77406377
0.57677144,0.57677144
-0.12306087,-0.12306087
-0.12306087,-0.12306087
-0.12306087,-0.12306087
-0.12306087,-0.12306087
-0.12306087,-0.12306087
-0.12306087,-0.12306087
-0.12306087,-0.12306087
-0.12306087,-0.12306087
-0.12306087,-0.12306087
-0.12306087,-0.12306087
-0.12306087,-0.12306087
-0.12306087,-0.12306087
-0.12306087,-0.12306087
-0.12306087,-0.12306087
-0.12306087,-0.12306087
-0.12306087,-0.12306087
-0.12306087,-0.12306087
-0.12306087,-0.12306087
-0.12306087,-0.12306087
-0.12306087,-0.12306087
-0.12306087,-0.12306087
-0.12306087,-0.12306087
-0.12306087,-0.12306087
-0.12306087,-0.12306087
-0.12306087,-0.12306087
-0.12306087,-0.12306087
-0.12306087,-0.12306087
-0.12306087,-0.12306087
-0.12306087,-0.12306087
-0.12306087,-0.12306087
-0.12306087,-0.12306087
-0.12306087,-0.12306087
-0.12306087,-0.12306087
-0.12306087,-0.12306087
-0.12306087,-0.12306087
-0.12306087,-0.12306087
-0.12306087,-0.12306087
-0.12306087,-0.12306087
-0.12306087,-0.12306087
-0.12306087,-0.12306087
-0.12306087,-0.12306087
-0.12306087,-0.12306087
-0.12306087,-0.12306087
-0.12306087,-0.12306087
-0.12306087,-0.12306087
-0.12306087,-0.12306087
-0.12306087,-0.12306087
-0.12306087,-0.12306087
-0.12306087,-0.12306087
-0.12306087,-0.12306087
-0.12306087,-0.12306087
-0.12306087,-0.12306087
-0.12306087,-0.12306087
-0.12306087,-0.12306087
-0.12306087,-0.12306087
-0.12306087,-0.12306087
-0.12306087,-0.12306087
-0.12306087,-0.12306087
-0.12306087,-0.12306087
-0.12306087,-0.12306087
-0.12306087,-0.12306087
-0.12306087,-0.12306087
-0.12306087,-0.12306087
-0.12306087,-0.12306087
-0.12306087,-0.12306087
-0.12306087,-0.12306087
-0.12306087,-0.12306087
-0.12306087,-0.12306087
-0.12306087,-0.12306087
-0.12306087,-0.12306087
-0.12306087,-0.12306087
-0.12306087,-0.12306087
-0.12306087,-0.12306087
-0.12306087,-0.12306087
-0.12306087,-0.12306087
-0.12306087,-0.12306087
-0.12306087,-0.12306087
-0.12306087,-0.12306087
-0.12306087,-0.12306087
-0.12306087,-0.12306087
-0.12306087,-0.12306087
-0.12306087,-0.12306087
-0.12306087,-0.12306087
-0.12306087,-0.12306087
-0.12306087,-0.12306087
-0.12306087,-0.12306087
-0.12306087,-0.12306087
-0.12306087,-0.12306087
-0.12306087,-0.12306087
-0.12306087,-0.12306087
-0.12306087,-0.12306087
-0.12306087,-0.12306087
-0.12306087,-0.12306087
-0.12306087,-0.12306087
-0.12306087,-0.12306087
-0.12306087,-0.12306087
-0.12306087,-0.12306087
-0.12306087,-0.12306087
-0.12306087,-0.12306087
-0.12306087,-0.12306087
-0.12306087,-0.12306087
-0.12306087,-0.12306087
-0.12306087,-0.12306087
-0.12306087,-0.12306087
-0.12306087,-0.12306087
-0.12306087,-0.12306087
-0.12306087,-0.12306087
-0.12306087,-0.12306087
-0.12306087,-0.12306087
-0.12306087,-0.12306087
-0.12306087,-0.12306087
-0.12306087,-0.12306087
-0.12306087,-0.12306087
-0.12306087,-0.12306087
-0.19262943,-0.19262943
-0.13350138,-0.13350138
-0.13350138,-0.13350138
-0.13350138,-0.13350138
-0.13350138,-0.13350138
-0.13350138,-0.13350138
-0.13350138,-0.13350138
-0.13350138,-0.13350138
-0.13350138,-0.13350138
-0.13350138,-0.13350138
-0.13350138,-0.13350138
-0.13350138,-0.13350138
-0.13350138,-0.13350138
-0.13350138,-0.13350138
-0.13350138,-0.13350138
-0.13350138,-0.13350138
-0.13350138,-0.13350138
-0.13350138,-0.13350138
-0.13350138,-0.13350138
-0.13350138,-0.13350138
-0.13350138,-0.13350138
-0.13350138,-0.13350138
-0.13350138,-0.13350138
-0.13350138,-0.13350138
-0.13350138,-0.13350138
-0.13350138,-0.13350138
-0.13350138,-0.13350138
-0.13350138,-0.13350138
-0.13350138,-0.13350138
-0.13350138,-0.13350138
-0.034985602,-0.034985602
-0.034985602,-0.034985602
-0.034985602,-0.034985602
-0.034985602,-0.034985602
-0.034985602,-0.034985602
-0.034985602,-0.034985602
-0.034985602,-0.034985602
-0.034985602,-0.034985602
-0.034985602,-0.034985602
-0.034985602,-0.034985602
-0.034985602,-0.034985602
-0.034985602,-0.034985602
-0.034985602,-0.034985602
-0.034985602,-0.034985602
-0.034985602,-0.034985602
-0.034985602,-0.034985602
-0.034985602,-0.034985602
-0.034985602,-0.034985602
-0.034985602,-0.034985602
-0.034985602,-0.034985602
-0.006865382,-0.006865382
-0.006865382,-0.006865382
-0.006865382,-0.006865382
-0.006865382,-0.006865382
-0.006865382,-0.006865382
-0.034985602,-0.034985602
-0.034985602,-0.034985602
-0.034985602,-0.034985602
-0.034985602,-0.034985602
-0.034985602,-0.034985602
-0.034985602,-0.034985602
-0.034985602,-0.034985602
-0.034985602,-0.034985602
-0.034985602,-0.034985602
-0.034985602,-0.034985602
-0.034985602,-0.034985602
-0.034985602,-0.034985602
-0.034985602,-0.034985602
-0.034985602,-0.034985602
-0.034985602,-0.034985602
-0.034985602,-0.034985602
-0.034985602,-0.034985602
-0.034985602,-0.034985602
-0.034985602,-0.034985602
-0.034985602,-0.034985602
-0.034985602,-0.034985602
-0.034985602,-0.034985602
-0.034985602,-0.034985602
-0.034985602,-0.034985602
-0.034985602,-0.034985602
-0.034985602,-0.034985602
-0.034985602,-0.034985602
-0.034985602,-0.034985602
-0.034985602,-0.034985602
-0.034985602,-0.034985602
-0.034985602,-0.034985602
-0.034985602,-0.034985602
-0.034985602,-0.034985602
-0.034985602,-0.034985602
-0.034985602,-0.034985602
-0.034985602,-0.034985602
-0.9264239,-0.9264239
-0.9264239,-0.9264239
-0.9264239,-0.9264239
-0.9264239,-0.9264239
-0.9264239,-0.9264239
-0.9264239,-0.9264239
-0.9264239,-0.9264239
-0.9264239,-0.9264239
-0.9264239,-0.9264239
-0.9264239,-0.9264239
-0.9264239,-0.9264239
-0.9264239,-0.9264239
-0.9264239,-0.9264239
-0.9264239,-0.9264239
-0.9264239,-0.9264239
-0.034985602,-0.034985602
-0.034985602,-0.034985602
-0.034985602,-0.034985602
-0.034985602,-0.034985602
-0.034985602,-0.034985602
-0.034985602,-0.034985602
-0.034985602,-0.034985602
-0.034985602,-0.034985602
-0.034985602,-0.034985602
-0.034985602,-0.034985602
-0.034985602,-0.034985602
-0.034985602,-0.034985602
-0.034985602,-0.034985602
-0.034985602,-0.034985602
-0.034985602,-0.034985602
-0.034985602,-0.034985602
-0.034985602,-0.034985602
-0.034985602,-0.034985602
-0.034985602,-0.034985602
-0.034985602,-0.034985602
-0.034985602,-0.034985602
-0.034985602,-0.034985602
-0.034985602,-0.034985602
-0.034985602,-0.034985602
-0.034985602,-0.034985602
-0.034985602,-0.034985602
-0.034985602,-0.034985602
-0.034985602,-0.034985602
-0.034985602,-0.034985602
-0.034985602,-0.034985602
-0.034985602,-0.034985602
-0.034985602,-0.034985602
-0.034985602,-0.034985602
-0.034985602,-0.034985602
-0.034985602,-0.034985602
-0.034985602,-0.034985602
-0.034985602,-0.034985602
-0.034985602,-0.034985602
-0.034985602,-0.034985602
-0.034985602,-0.034985602
-0.034985602,-0.034985602
-0.034985602,-0.034985602
-0.034985602,-0.034985602
-0.034985602,-0.034985602
-0.034985602,-0.034985602
-0.034985602,-0.034985602
-0.034985602,-0.034985602
-0.034985602,-0.034985602
-0.034985602,-0.034985602
-0.034985602,-0.034985602
-0.034985602,-0.034985602
-0.034985602,-0.034985602
-0.034985602,-0.034985602
-0.034985602,-0.034985602
-0.034985602,-0.034985602
-0.034985602,-0.034985602
-0.034985602,-0.034985602
-0.034985602,-0.034985602
-0.034985602,-0.034985602
-0.034985602,-0.034985602
-0.034985602,-0.034985602
-0.034985602,-0.034985602
-0.034985602,-0.034985602
-0.034985602,-0.034985602
-0.034985602,-0.034985602
-0.034985602,-0.034985602
-0.034985602,-0.034985602
-0.034985602,-0.034985602
-0.034985602,-0.034985602
-0.034985602,-0.034985602
-0.034985602,-0.034985602
-0.034985602,-0.034985602
-0.034985602,-0.034985602
-0.034985602,-0.034985602
-0.034985602,-0.034985602
-0.034985602,-0.034985602
-0.034985602,-0.034985602
-0.034985602,-0.034985602
-0.034985602,-0.034985602
-0.034985602,-0.034985602
-0.034985602,-0.034985602
-0.034985602,-0.034985602
-0.034985602,-0.034985602
-0.034985602,-0.034985602
-0.034985602,-0.034985602
-0.034985602,-0.034985602
-0.034985602,-0.034985602
-0.034985602,-0.034985602
-0.034985602,-0.034985602
-0.034985602,-0.034985602
-0.034985602,-0.034985602
-0.034985602,-0.034985602
-0.034985602,-0.034985602
-0.034985602,-0.034985602
-0.034985602,-0.034985602
-0.034985602,-0.034985602
-0.034985602,-0.034985602
-0.034985602,-0.034985602
-0.034985602,-0.034985602
-0.034985602,-0.034985602
-0.034985602,-0.034985602
-0.034985602,-0.034985602
-0.034985602,-0.034985602
-0.034985602,-0.034985602
-0.034985602,-0.034985602
-0.034985602,-0.034985602
-0.034985602,-0.034985602
-0.034985602,-0.034985602
-0.034985602,-0.034985602
-0.034985602,-0.034985602
-0.034985602,-0.034985602
-0.034985602,-0.034985602
-0.034985602,-0.034985602
-0.034985602,-0.034985602
-0.034985602,-0.034985602
-0.034985602,-0.034985602
-0.034985602,-0.034985602
-0.034985602,-0.034985602
-0.034985602,-0.034985602
-0.034985602,-0.034985602
-0.034985602,-0.034985602
-0.034985602,-0.034985602
-0.034985602,-0.034985602
-0.034985602,-0.034985602
-0.034985602,-0.034985602
-0.034985602,-0.034985602
-0.034985602,-0.034985602
-0.034985602,-0.034985602
-0.034985602,-0.034985602
-0.034985602,-0.034985602
-0.034985602,-0.034985602
-0.034985602,-0.034985602
-0.034985602,-0.034985602
-0.034985602,-0.034985602
-0.034985602,-0.034985602
-0.034985602,-0.034985602
-0.034985602,-0.034985602
-0.034985602,-0.034985602
-0.034985602,-0.034985602
-0.038876772,-0.038876772
-0.038876772,-0.038876772
-0.038876772,-0.038876772
-0.038876772,-0.038876772
-0.038876772,-0.038876772
-0.038876772,-0.038876772
-0.038876772,-0.038876772
-0.038876772,-0.038876772
-0.038876772,-0.038876772
-0.038876772,-0.038876772
-0.038876772,-0.038876772
-0.038876772,-0.038876772
-0.038876772,-0.038876772
-0.038876772,-0.038876772
-0.038876772,-0.038876772
-0.038876772,-0.038876772
-0.038876772,-0.038876772
-0.038876772,-0.038876772
-0.038876772,-0.038876772
-0.038876772,-0.038876772
-0.038876772,-0.038876772
-0.038876772,-0.038876772
-0.038876772,-0.038876772
-0.038876772,-0.038876772
-0.038876772,-0.038876772
-0.038876772,-0.038876772
-0.038876772,-0.038876772
-0.038876772,-0.038876772
-0.038876772,-0.038876772
-0.038876772,-0.038876772
-0.038876772,-0.038876772
-0.038876772,-0.038876772
-0.038876772,-0.038876772
-0.038876772,-0.038876772
-0.038876772,-0.038876772
-0.038876772,-0.038876772
-0.038876772,-0.038876772
-0.038876772,-0.038876772
-0.038876772,-0.038876772
-0.038876772,-0.038876772
-0.038876772,-0.038876772
-0.038876772,-0.038876772
-0.038876772,-0.038876772
-0.038876772,-0.038876772
-0.038876772,-0.038876772
-0.038876772,-0.038876772
-0.038876772,-0.038876772
-0.038876772,-0.038876772
-0.038876772,-0.038876772
-0.038876772,-0.038876772
-0.038876772,-0.038876772
-0.038876772,-0.038876772
-0.038876772,-0.038876772
-0.038876772,-0.038876772
-0.038876772,-0.038876772
-0.038876772,-0.038876772
-0.038876772,-0.038876772
-0.038876772,-0.038876772
-0.038876772,-0.038876772
-0.038876772,-0.038876772
-0.038876772,-0.038876772
-0.038876772,-0.038876772
-0.038876772,-0.038876772
-0.038876772,-0.038876772
-0.038876772,-0.038876772
-0.038876772,-0.038876772
-0.038876772,-0.038876772
-0.038876772,-0.038876772
-0.038876772,-0.038876772
-0.038876772,-0.038876772
-0.038876772,-0.038876772
-0.038876772,-0.038876772
-0.038876772,-0.038876772
-0.038876772,-0.038876772
-0.038876772,-0.038876772
-0.038876772,-0.038876772
-0.038876772,-0.038876772
-0.038876772,-0.038876772
-0.038876772,-0.038876772
-0.038876772,-0.038876772
-0.038876772,-0.038876772
-0.038876772,-0.038876772
-0.038876772,-0.038876772
-0.038876772,-0.038876772
-0.038876772,-0.038876772
-0.038876772,-0.038876772
-0.038876772,-0.038876772
-0.038876772,-0.038876772
-0.038876772,-0.038876772
-0.038876772,-0.038876772
-0.038876772,-0.038876772
-0.038876772,-0.038876772
-0.038876772,-0.038876772
-0.038876772,-0.038876772
-0.038876772,-0.038876772
-0.038876772,-0.038876772
-0.038876772,-0.038876772
-0.038876772,-0.038876772
-0.038876772,-0.038876772
-0.038876772,-0.038876772
-0.038876772,-0.038876772
-0.038876772,-0.038876772
-0.038876772,-0.038876772
-0.038876772,-0.038876772
-0.038876772,-0.038876772
-0.038876772,-0.038876772
-0.038876772,-0.038876772
-0.038876772,-0.038876772
-0.038876772,-0.038876772
-0.038876772,-0.038876772
-0.038876772,-0.038876772
-0.038876772,-0.038876772
-0.038876772,-0.038876772
-0.038876772,-0.038876772
-0.038876772,-0.038876772
-0.038876772,-0.038876772
-0.038876772,-0.038876772
-0.038876772,-0.038876772
-0.038876772,-0.038876772
-0.038876772,-0.038876772
-0.038876772,-0.038876772
-0.038876772,-0.038876772
-0.038876772,-0.038876772
-0.038876772,-0.038876772
-0.038876772,-0.038876772
-0.038876772,-0.038876772
-0.038876772,-0.038876772
-0.038876772,-0.038876772
-0.038876772,-0.038876772
-0.038876772,-0.038876772
-0.038876772,-0.038876772
-0.038876772,-0.038876772
-0.038876772,-0.038876772
-0.038876772,-0.038876772
-0.038876772,-0.038876772
-0.038876772,-0.038876772
-0.038876772,-0.038876772
-0.038876772,-0.038876772
-0.038876772,-0.038876772
-0.038876772,-0.038876772
-0.038876772,-0.038876772
-0.038876772,-0.038876772
-0.038876772,-0.038876772
-0.038876772,-0.038876772
-0.038876772,-0.038876772
-0.038876772,-0.038876772
-0.038876772,-0.038876772
-0.038876772,-0.038876772
-0.038876772,-0.038876772
-0.038876772,-0.038876772
-0.038876772,-0.038876772
-0.038876772,-0.038876772
-0.038876772,-0.038876772
-0.038876772,-0.038876772
-0.038876772,-0.038876772
-0.038876772,-0.038876772
-0.038876772,-0.038876772
-0.038876772,-0.038876772
-0.038876772,-0.038876772
-0.038876772,-0.038876772
-0.038876772,-0.038876772
-0.038876772,-0.038876772
-0.038876772,-0.038876772
-0.038876772,-0.038876772
-0.038876772,-0.038876772
-0.038876772,-0.038876772
-0.038876772,-0.038876772
-0.038876772,-0.038876772
-0.038876772,-0.038876772
-0.038876772,-0.038876772
-0.038876772,-0.038876772
-0.038876772,-0.038876772
-0.038876772,-0.038876772
-0.038876772,-0.038876772
-0.038876772,-0.038876772
-0.038876772,-0.038876772
-0.038876772,-0.038876772
-0.038876772,-0.038876772
-0.038876772,-0.038876772
-0.038876772,-0.038876772
-0.038876772,-0.038876772
-0.038876772,-0.038876772
-0.038876772,-0.038876772
-0.038876772,-0.038876772
-0.038876772,-0.038876772
-0.038876772,-0.038876772
-0.038876772,-0.038876772
-0.038876772,-0.038876772
-0.038876772,-0.038876772
-0.038876772,-0.038876772
-0.038876772,-0.038876772
-0.038876772,-0.038876772
-0.038876772,-0.038876772
-0.038876772,-0.038876772
-0.038876772,-0.038876772
-0.038876772,-0.038876772
-0.038876772,-0.038876772
-0.038876772,-0.038876772
-0.038876772,-0.038876772
-0.038876772,-0.038876772
-0.038876772,-0.038876772
-0.038876772,-0.038876772
-0.038876772,-0.038876772
-0.038876772,-0.038876772
-0.038876772,-0.038876772
-0.038876772,-0.038876772
-0.038876772,-0.038876772
-0.038876772,-0.038876772
-0.038876772,-0.038876772
-0.038876772,-0.038876772
-0.038876772,-0.038876772
-0.038876772,-0.038876772
-0.034985602,-0.034985602
-0.034985602,-0.034985602
-0.034985602,-0.034985602
-0.034985602,-0.034985602
-0.034985602,-0.034985602
-0.034985602,-0.034985602
-0.034985602,-0.034985602
-0.034985602,-0.034985602
-0.034985602,-0.034985602
-0.034985602,-0.034985602
-0.034985602,-0.034985602
-0.034985602,-0.034985602
-0.034985602,-0.034985602
-0.034985602,-0.034985602
-0.034985602,-0.034985602
-0.034985602,-0.034985602
-0.034985602,-0.034985602
-0.034985602,-0.034985602
-0.034985602,-0.034985602
-0.034985602,-0.034985602
-0.034985602,-0.034985602
-0.034985602,-0.034985602
-0.034985602,-0.034985602
-0.034985602,-0.034985602
-0.034985602,-0.034985602
-0.034985602,-0.034985602
-0.034985602,-0.034985602
-0.034985602,-0.034985602
-0.034985602,-0.034985602
-0.034985602,-0.034985602
-0.034985602,-0.034985602
-0.034985602,-0.034985602
-0.034985602,-0.034985602
-0.034985602,-0.034985602
-0.034985602,-0.034985602
-0.034985602,-0.034985602
-0.034985602,-0.034985602
-0.034985602,-0.034985602
-0.034985602,-0.034985602
-0.034985602,-0.034985602
-0.034985602,-0.034985602
-0.034985602,-0.034985602
-0.034985602,-0.034985602
-0.034985602,-0.034985602
-0.034985602,-0.034985602
-0.034985602,-0.034985602
-0.034985602,-0.034985602
-0.034985602,-0.034985602
-0.034985602,-0.034985602
-0.034985602,-0.034985602
-0.034985602,-0.034985602
-0.034985602,-0.034985602
-0.034985602,-0.034985602
-0.034985602,-0.034985602
-0.034985602,-0.034985602
-0.034985602,-0.034985602
-0.034985602,-0.034985602
-0.034985602,-0.034985602
-0.034985602,-0.034985602
-0.034985602,-0.034985602
-0.034985602,-0.034985602
-0.034985602,-0.034985602
-0.034985602,-0.034985602
-0.034985602,-0.034985602
-0.034985602,-0.034985602
-0.034985602,-0.034985602
-0.034985602,-0.034985602
-0.034985602,-0.034985602
-0.034985602,-0.034985602
-0.034985602,-0.034985602
-0.034985602,-0.034985602
-0.034985602,-0.034985602
-0.034985602,-0.034985602
-0.034985602,-0.034985602
-0.034985602,-0.034985602
-0.034985602,-0.034985602
-0.034985602,-0.034985602
-0.034985602,-0.034985602
-0.034985602,-0.034985602
-0.034985602,-0.034985602
-0.034985602,-0.034985602
-0.034985602,-0.034985602
-0.034985602,-0.034985602
-0.034985602,-0.034985602
-0.034985602,-0.034985602
-0.034985602,-0.034985602
-0.034985602,-0.034985602
-0.034985602,-0.034985602
-0.034985602,-0.034985602
-0.034985602,-0.034985602
-0.034985602,-0.034985602
-0.034985602,-0.034985602
-0.034985602,-0.034985602
-0.034985602,-0.034985602
-0.034985602,-0.034985602
-0.034985602,-0.034985602
-0.034985602,-0.034985602
-0.034985602,-0.034985602
-0.034985602,-0.034985602
-0.034985602,-0.034985602
-0.034985602,-0.034985602
-0.034985602,-0.034985602
-0.034985602,-0.034985602
-0.034985602,-0.034985602
-0.034985602,-0.034985602
-0.034985602,-0.034985602
-0.034985602,-0.034985602
-0.034985602,-0.034985602
-0.034985602,-0.034985602
-0.034985602,-0.034985602
-0.034985602,-0.034985602
-0.034985602,-0.034985602
-0.034985602,-0.034985602
-0.034985602,-0.034985602
-0.034985602,-0.034985602
-0.034985602,-0.034985602
-0.034985602,-0.034985602
-0.034985602,-0.034985602
-0.034985602,-0.034985602
-0.034985602,-0.034985602
-0.034985602,-0.034985602
-0.034985602,-0.034985602
-0.034985602,-0.034985602
-0.034985602,-0.034985602
-0.034985602,-0.034985602
-0.034985602,-0.034985602
-0.034985602,-0.034985602
-0.034985602,-0.034985602
-0.034985602,-0.034985602
-0.034985602,-0.034985602
-0.034985602,-0.034985602
-0.034985602,-0.034985602
-0.034985602,-0.034985602
-0.034985602,-0.034985602
-0.034985602,-0.034985602
-0.034985602,-0.034985602
-0.034985602,-0.034985602
-0.034985602,-0.034985602
-0.034985602,-0.034985602
-0.034985602,-0.034985602
-0.034985602,-0.034985602
-0.034985602,-0.034985602
-0.034985602,-0.034985602
-0.034985602,-0.034985602
-0.034985602,-0.034985602
-0.034985602,-0.034985602
-0.034985602,-0.034985602
-0.034985602,-0.034985602
-0.034985602,-0.034985602
-0.034985602,-0.034985602
-0.034985602,-0.034985602
-0.034985602,-0.034985602
-0.034985602,-0.034985602
-0.034985602,-0.034985602
-0.034985602,-0.034985602
-0.034985602,-0.034985602
-0.034985602,-0.034985602
-0.034985602,-0.034985602
-0.034985602,-0.034985602
-0.034985602,-0.034985602
-0.034985602,-0.034985602
-0.034985602,-0.034985602
-0.034985602,-0.034985602
-0.034985602,-0.034985602
-0.034985602,-0.034985602
-0.034985602,-0.034985602
-0.034985602,-0.034985602
-0.034985602,-0.034985602
-0.034985602,-0.034985602
-0.034985602,-0.034985602
-0.034985602,-0.034985602
-0.034985602,-0.034985602
-0.034985602,-0.034985602
-0.034985602,-0.034985602
-0.034985602,-0.034985602
-0.034985602,-0.034985602
-0.034985602,-0.034985602
-0.034985602,-0.034985602
-0.034985602,-0.034985602
-0.034985602,-0.034985602
-0.034985602,-0.034985602
-0.034985602,-0.034985602
-0.034985602,-0.034985602
-0.034985602,-0.034985602
-0.034985602,-0.034985602
-0.034985602,-0.034985602
-0.034985602,-0.034985602
-0.034985602,-0.034985602
-0.034985602,-0.034985602
-0.034985602,-0.034985602
-0.034985602,-0.034985602
-0.034985602,-0.034985602
-0.034985602,-0.034985602
-0.034985602,-0.034985602
-0.034985602,-0.034985602
-0.034985602,-0.034985602
-0.034985602,-0.034985602
-0.034985602,-0.034985602
-0.034985602,-0.034985602
-0.034985602,-0.034985602
-0.034985602,-0.034985602
-0.034985602,-0.034985602
-0.034985602,-0.034985602
-0.034985602,-0.034985602
-0.034985602,-0.034985602
-0.034985602,-0.034985602
-0.034985602,-0.034985602
-0.034985602,-0.034985602
-0.034985602,-0.034985602
-0.034985602,-0.034985602
-0.034985602,-0.034985602
-0.034985602,-0.034985602
-0.034985602,-0.034985602
-0.034985602,-0.034985602
-0.034985602,-0.034985602
-0.034985602,-0.034985602
-0.034985602,-0.034985602
-0.034985602,-0.034985602
-0.034985602,-0.034985602
-0.034985602,-0.034985602
-0.034985602,-0.034985602
-0.034985602,-0.034985602
-0.034985602,-0.034985602
-0.034985602,-0.034985602
-0.034985602,-0.034985602
-0.034985602,-0.034985602
-0.034985602,-0.034985602
-0.034985602,-0.034985602
-0.034985602,-0.034985602
-0.034985602,-0.034985602
-0.034985602,-0.034985602
-0.034985602,-0.034985602
-0.034985602,-0.034985602
-0.034985602,-0.034985602
-0.034985602,-0.034985602
-0.034985602,-0.034985602
-0.034985602,-0.034985602
-0.034985602,-0.034985602
-0.034985602,-0.034985602
-0.034985602,-0.034985602
-0.034985602,-0.034985602
-0.034985602,-0.034985602
-0.034985602,-0.034985602
-0.034985602,-0.034985602
-0.034985602,-0.034985602
-0.034985602,-0.034985602
-0.034985602,-0.034985602
-0.034985602,-0.034985602
-0.034985602,-0.034985602
-0.034985602,-0.034985602
-0.034985602,-0.034985602
-0.034985602,-0.034985602
-0.034985602,-0.034985602
-0.034985602,-0.034985602
-0.034985602,-0.034985602
-0.034985602,-0.034985602
-0.034985602,-0.034985602
-0.034985602,-0.034985602
-0.034985602,-0.034985602
-0.034985602,-0.034985602
-0.034985602,-0.034985602
-0.034985602,-0.034985602
-0.034985602,-0.034985602
-0.034985602,-0.034985602
-0.034985602,-0.034985602
-0.034985602,-0.034985602
-0.034985602,-0.034985602
-0.034985602,-0.034985602
-0.034985602,-0.034985602
-0.034985602,-0.034985602
-0.034985602,-0.034985602
-0.034985602,-0.034985602
-0.034985602,-0.034985602
-0.034985602,-0.034985602
-0.034985602,-0.034985602
-0.034985602,-0.034985602
-0.034985602,-0.034985602
-0.034985602,-0.034985602
-0.034985602,-0.034985602
-0.034985602,-0.034985602
-0.034985602,-0.034985602
-0.034985602,-0.034985602
-0.034985602,-0.034985602
-0.034985602,-0.034985602
-0.034985602,-0.034985602
-0.034985602,-0.034985602
-0.034985602,-0.034985602
-0.034985602,-0.034985602
-0.034985602,-0.034985602
-0.034985602,-0.034985602
-0.034985602,-0.034985602
-0.034985602,-0.034985602
-0.034985602,-0.034985602
-0.034985602,-0.034985602
-0.034985602,-0.034985602
-0.034985602,-0.034985602
-0.034985602,-0.034985602
-0.034985602,-0.034985602
-0.034985602,-0.034985602
-0.034985602,-0.034985602
-0.034985602,-0.034985602
-0.034985602,-0.034985602
-0.034985602,-0.034985602
-0.034985602,-0.034985602
-0.034985602,-0.034985602
-0.034985602,-0.034985602
-0.034985602,-0.034985602
-0.034985602,-0.034985602
-0.034985602,-0.034985602
-0.034985602,-0.034985602
-0.034985602,-0.034985602
-0.034985602,-0.034985602
-0.034985602,-0.034985602
-0.034985602,-0.034985602
-0.034985602,-0.034985602
-0.034985602,-0.034985602
-0.034985602,-0.034985602
-0.034985602,-0.034985602
-0.034985602,-0.034985602
-0.034985602,-0.034985602
-0.034985602,-0.034985602
-0.034985602,-0.034985602
-0.034985602,-0.034985602
-0.034985602,-0.034985602
-0.034985602,-0.034985602
-0.034985602,-0.034985602
-0.034985602,-0.034985602
-0.034985602,-0.034985602
-0.034985602,-0.034985602
-0.034985602,-0.034985602
-0.034985602,-0.034985602
-0.034985602,-0.034985602
-0.034985602,-0.034985602
-0.034985602,-0.034985602
-0.034985602,-0.034985602
-0.034985602,-0.034985602
-0.034985602,-0.034985602
-0.034985602,-0.034985602
-0.034985602,-0.034985602
-0.034985602,-0.034985602
-0.034985602,-0.034985602
-0.034985602,-0.034985602
-0.034985602,-0.034985602
-0.034985602,-0.034985602
-0.034985602,-0.034985602
-0.034985602,-0.034985602
-0.034985602,-0.034985602
-0.034985602,-0.034985602
-0.034985602,-0.034985602
-0.034985602,-0.034985602
-0.034985602,-0.034985602
-0.034985602,-0.034985602
-0.034985602,-0.034985602
-0.034985602,-0.034985602
-0.034985602,-0.034985602
-0.034985602,-0.034985602
-0.034985602,-0.034985602
-0.034985602,-0.034985602
-0.034985602,-0.034985602
-0.034985602,-0.034985602
-0.034985602,-0.034985602
-0.034985602,-0.034985602
-0.034985602,-0.034985602
-0.034985602,-0.034985602
-0.034985602,-0.034985602
-0.034985602,-0.034985602
-0.034985602,-0.034985602
-0.034985602,-0.034985602
-0.034985602,-0.034985602
-0.034985602,-0.034985602
-0.034985602,-0.034985602
-0.034985602,-0.034985602
-0.034985602,-0.034985602
-0.034985602,-0.034985602
-0.034985602,-0.034985602
-0.034985602,-0.034985602
-0.034985602,-0.034985602
-0.034985602,-0.034985602
-0.034985602,-0.034985602
-0.034985602,-0.034985602
-0.034985602,-0.034985602
-0.034985602,-0.034985602
-0.034985602,-0.034985602
-0.034985602,-0.034985602
-0.034985602,-0.034985602
-0.034985602,-0.034985602
-0.034985602,-0.034985602
-0.034985602,-0.034985602
-0.034985602,-0.034985602
-0.034985602,-0.034985602
-0.034985602,-0.034985602
-0.034985602,-0.034985602
-0.034985602,-0.034985602
-0.034985602,-0.034985602
-0.034985602,-0.034985602
-0.034985602,-0.034985602
-0.034985602,-0.034985602
-0.034985602,-0.034985602
-0.034985602,-0.034985602
-0.034985602,-0.034985602
-0.034985602,-0.034985602
-0.034985602,-0.034985602
-0.034985602,-0.034985602
-0.034985602,-0.034985602
-0.034985602,-0.034985602
-0.034985602,-0.034985602
-0.034985602,-0.034985602
-0.034985602,-0.034985602
-0.034985602,-0.034985602
-0.034985602,-0.034985602
-0.034985602,-0.034985602
-0.034985602,-0.034985602
-0.034985602,-0.034985602
-0.034985602,-0.034985602
-0.034985602,-0.034985602
-0.034985602,-0.034985602
-0.034985602,-0.034985602
-0.034985602,-0.034985602
-0.034985602,-0.034985602
-0.034985602,-0.034985602
-0.034985602,-0.034985602
-0.034985602,-0.034985602
-0.034985602,-0.034985602
-0.034985602,-0.034985602
-0.034985602,-0.034985602
-0.034985602,-0.034985602
-0.034985602,-0.034985602
-0.034985602,-0.034985602
-0.034985602,-0.034985602
-0.034985602,-0.034985602
-0.034985602,-0.034985602
-0.034985602,-0.034985602
-0.034985602,-0.034985602
-0.034985602,-0.034985602
-0.034985602,-0.034985602
-0.034985602,-0.034985602
-0.034985602,-0.034985602
-0.034985602,-0.034985602
-0.034985602,-0.034985602
-0.034985602,-0.034985602
-0.034985602,-0.034985602
-0.034985602,-0.034985602
-0.034985602,-0.034985602
-0.034985602,-0.034985602
-0.034985602,-0.034985602
-0.034985602,-0.034985602
-0.034985602,-0.034985602
-0.034985602,-0.034985602
-0.034985602,-0.034985602
-0.034985602,-0.034985602
-0.034985602,-0.034985602
-0.034985602,-0.034985602
-0.034985602,-0.034985602
-0.034985602,-0.034985602
-0.034985602,-0.034985602
-0.034985602,-0.034985602
-0.034985602,-0.034985602
-0.034985602,-0.034985602
-0.034985602,-0.034985602
-0.034985602,-0.034985602
-0.034985602,-0.034985602
-0.034985602,-0.034985602
-0.034985602,-0.034985602
-0.034985602,-0.034985602
-0.034985602,-0.034985602
-0.034985602,-0.034985602
-0.034985602,-0.034985602
-0.034985602,-0.034985602
-0.034985602,-0.034985602
-0.034985602,-0.034985602
-0.034985602,-0.034985602
-0.034985602,-0.034985602
-0.034985602,-0.034985602
-0.034985602,-0.034985602
-0.034985602,-0.034985602
-0.034985602,-0.034985602
-0.034985602,-0.034985602
-0.034985602,-0.034985602
-0.034985602,-0.034985602
-0.034985602,-0.034985602
-0.034985602,-0.034985602
-0.034985602,-0.034985602
-0.034985602,-0.034985602
-0.034985602,-0.034985602
-0.034985602,-0.034985602
-0.034985602,-0.034985602
-0.034985602,-0.034985602
-0.034985602,-0.034985602
-0.034985602,-0.034985602
-0.034985602,-0.034985602
-0.034985602,-0.034985602
-0.034985602,-0.034985602
-0.034985602,-0.034985602
-0.034985602,-0.034985602
-0.034985602,-0.034985602
-0.034985602,-0.034985602
-0.034985602,-0.034985602
-0.034985602,-0.034985602
-0.034985602,-0.034985602
-0.034985602,-0.034985602
-0.034985602,-0.034985602
-0.034985602,-0.034985602
-0.034985602,-0.034985602
-0.034985602,-0.034985602
-0.034985602,-0.034985602
-0.034985602,-0.034985602
-0.034985602,-0.034985602
-0.034985602,-0.034985602
-0.034985602,-0.034985602
-0.034985602,-0.034985602
-0.034985602,-0.034985602
-0.034985602,-0.034985602
-0.034985602,-0.034985602
-0.034985602,-0.034985602
-0.034985602,-0.034985602
-0.034985602,-0.034985602
-0.034985602,-0.034985602
-0.034985602,-0.034985602
-0.034985602,-0.034985602
-0.034985602,-0.034985602
-0.034985602,-0.034985602
-0.034985602,-0.034985602
-0.034985602,-0.034985602
-0.034985602,-0.034985602
-0.034985602,-0.034985602
-0.034985602,-0.034985602
-0.034985602,-0.034985602
-0.034985602,-0.034985602
-0.034985602,-0.034985602
-0.034985602,-0.034985602
-0.034985602,-0.034985602
-0.034985602,-0.034985602
-0.034985602,-0.034985602
-0.034985602,-0.034985602
-0.034985602,-0.034985602
-0.034985602,-0.034985602
-0.034985602,-0.034985602
-0.034985602,-0.034985602
-0.034985602,-0.034985602
-0.034985602,-0.034985602
-0.034985602,-0.034985602
-0.034985602,-0.034985602
-0.034985602,-0.034985602
-0.034985602,-0.034985602
-0.034985602,-0.034985602
-0.034985602,-0.034985602
-0.034985602,-0.034985602
-0.034985602,-0.034985602
-0.034985602,-0.034985602
-0.034985602,-0.034985602
-0.034985602,-0.034985602
-0.034985602,-0.034985602
-0.034985602,-0.034985602
-0.034985602,-0.034985602
-0.034985602,-0.034985602
-0.034985602,-0.034985602
-0.034985602,-0.034985602
-0.034985602,-0.034985602
-0.034985602,-0.034985602
-0.034985602,-0.034985602
-0.034985602,-0.034985602
-0.034985602,-0.034985602
-0.034985602,-0.034985602
-0.034985602,-0.034985602
-0.034985602,-0.034985602
-0.034985602,-0.034985602
-0.034985602,-0.034985602
-0.034985602,-0.034985602
-0.034985602,-0.034985602
-0.034985602,-0.034985602
-0.034985602,-0.034985602
-0.034985602,-0.034985602
-0.034985602,-0.034985602
-0.034985602,-0.034985602
-0.034985602,-0.034985602
-0.034985602,-0.034985602
-0.034985602,-0.034985602
-0.034985602,-0.034985602
-0.034985602,-0.034985602
-0.034985602,-0.034985602
-0.034985602,-0.034985602
-0.034985602,-0.034985602
-0.034985602,-0.034985602
-0.034985602,-0.034985602
-0.034985602,-0.034985602
-0.034985602,-0.034985602
-0.034985602,-0.034985602
-0.034985602,-0.034985602
-0.034985602,-0.034985602
-0.034985602,-0.034985602
-0.034985602,-0.034985602
-0.034985602,-0.034985602
-0.034985602,-0.034985602
-0.034985602,-0.034985602
-0.034985602,-0.034985602
-0.034985602,-0.034985602
-0.034985602,-0.034985602
-0.034985602,-0.034985602
-0.034985602,-0.034985602
-0.034985602,-0.034985602
-0.034985602,-0.034985602
-0.034985602,-0.034985602
-0.034985602,-0.034985602
-0.034985602,-0.034985602
-0.034985602,-0.034985602
-0.034985602,-0.034985602
-0.034985602,-0.034985602
-0.034985602,-0.034985602
-0.034985602,-0.034985602
-0.034985602,-0.034985602
-0.034985602,-0.034985602
-0.034985602,-0.034985602
-0.034985602,-0.034985602
-0.034985602,-0.034985602
-0.034985602,-0.034985602
-0.034985602,-0.034985602
-0.034985602,-0.034985602
-0.034985602,-0.034985602
-0.034985602,-0.034985602
-0.034985602,-0.034985602
-0.034985602,-0.034985602
-0.034985602,-0.034985602
-0.034985602,-0.034985602
-0.034985602,-0.034985602
-0.034985602,-0.034985602
-0.034985602,-0.034985602
-0.034985602,-0.034985602
-0.034985602,-0.034985602
-0.034985602,-0.034985602
-0.034985602,-0.034985602
-0.034985602,-0.034985602
-0.034985602,-0.034985602
-0.034985602,-0.034985602
-0.034985602,-0.034985602
-0.034985602,-0.034985602
-0.034985602,-0.034985602
-0.034985602,-0.034985602
-0.034985602,-0.034985602
-0.034985602,-0.034985602
-0.034985602,-0.034985602
-0.034985602,-0.034985602
-0.034985602,-0.034985602
-0.034985602,-0.034985602
-0.034985602,-0.034985602
-0.034985602,-0.034985602
-0.034985602,-0.034985602
-0.034985602,-0.034985602
-0.034985602,-0.034985602
-0.034985602,-0.034985602
-0.034985602,-0.034985602
-0.034985602,-0.034985602
-0.034985602,-0.034985602
-0.034985602,-0.034985602
-0.034985602,-0.034985602
-0.034985602,-0.034985602
-0.034985602,-0.034985602
-0.034985602,-0.034985602
-0.034985602,-0.034985602
-0.034985602,-0.034985602
-0.034985602,-0.034985602
-0.034985602,-0.034985602
-0.034985602,-0.034985602
-0.034985602,-0.034985602
-0.034985602,-0.034985602
-0.034985602,-0.034985602
-0.034985602,-0.034985602
-0.034985602,-0.034985602
-0.034985602,-0.034985602
-0.034985602,-0.034985602
-0.034985602,-0.034985602
-0.034985602,-0.034985602
-0.034985602,-0.034985602
-0.034985602,-0.034985602
-0.034985602,-0.034985602
-0.034985602,-0.034985602
-0.034985602,-0.034985602
-0.034985602,-0.034985602
-0.034985602,-0.034985602
-0.034985602,-0.034985602
-0.034985602,-0.034985602
-0.034985602,-0.034985602
-0.034985602,-0.034985602
-0.034985602,-0.034985602
-0.034985602,-0.034985602
-0.034985602,-0.034985602
-0.034985602,-0.034985602
-0.034985602,-0.034985602
-0.034985602,-0.034985602
-0.034985602,-0.034985602
-0.034985602,-0.034985602
-0.034985602,-0.034985602
-0.034985602,-0.034985602
-0.034985602,-0.034985602
-0.034985602,-0.034985602
-0.034985602,-0.034985602
-0.034985602,-0.034985602
-0.034985602,-0.034985602
-0.034985602,-0.034985602
-0.034985602,-0.034985602
-0.034985602,-0.034985602
-0.034985602,-0.034985602
-0.034985602,-0.034985602
-0.034985602,-0.034985602
-0.034985602,-0.034985602
-0.034985602,-0.034985602
-0.034985602,-0.034985602
-0.034985602,-0.034985602
-0.034985602,-0.034985602
-0.034985602,-0.034985602
-0.034985602,-0.034985602
-0.034985602,-0.034985602
-0.034985602,-0.034985602
-0.034985602,-0.034985602
-0.034985602,-0.034985602
-0.034985602,-0.034985602
-0.034985602,-0.034985602
-0.034985602,-0.034985602
-0.034985602,-0.034985602
-0.034985602,-0.034985602
-0.034985602,-0.034985602
-0.034985602,-0.034985602
-0.034985602,-0.034985602
-0.034985602,-0.034985602
-0.034985602,-0.034985602
-0.034985602,-0.034985602
-0.034985602,-0.034985602
-0.034985602,-0.034985602
-0.034985602,-0.034985602
-0.034985602,-0.034985602
-0.034985602,-0.034985602
-0.034985602,-0.034985602
-0.034985602,-0.034985602
-0.034985602,-0.034985602
-0.034985602,-0.034985602
-0.034985602,-0.034985602
-0.034985602,-0.034985602
-0.034985602,-0.034985602
-0.034985602,-0.034985602
-0.034985602,-0.034985602
-0.034985602,-0.034985602
-0.034985602,-0.034985602
-0.034985602,-0.034985602
-0.034985602,-0.034985602
-0.034985602,-0.034985602
-0.034985602,-0.034985602
-0.034985602,-0.034985602
-0.034985602,-0.034985602
-0.034985602,-0.034985602
-0.034985602,-0.034985602
-0.034985602,-0.034985602
-0.034985602,-0.034985602
-0.034985602,-0.034985602
-0.034985602,-0.034985602
-0.034985602,-0.034985602
-0.034985602,-0.034985602
-0.034985602,-0.034985602
-0.034985602,-0.034985602
-0.034985602,-0.034985602
-0.034985602,-0.034985602
-0.034985602,-0.034985602
-0.034985602,-0.034985602
-0.034985602,-0.034985602
-0.034985602,-0.034985602
-0.034985602,-0.034985602
-0.034985602,-0.034985602
-0.034985602,-0.034985602
-0.034985602,-0.034985602
-0.034985602,-0.034985602
-0.034985602,-0.034985602
-0.034985602,-0.034985602
-0.034985602,-0.034985602
-0.034985602,-0.034985602
-0.034985602,-0.034985602
-0.034985602,-0.034985602
-0.034985602,-0.034985602
-0.034985602,-0.034985602
-0.034985602,-0.034985602
-0.034985602,-0.034985602
-0.034985602,-0.034985602
-0.034985602,-0.034985602
-0.034985602,-0.034985602
-0.034985602,-0.034985602
-0.034985602,-0.034985602
-0.034985602,-0.034985602
-0.034985602,-0.034985602
-0.034985602,-0.034985602
-0.034985602,-0.034985602
-0.034985602,-0.034985602
-0.034985602,-0.034985602
-0.034985602,-0.034985602
-0.034985602,-0.034985602
-0.034985602,-0.034985602
-0.034985602,-0.034985602
-0.034985602,-0.034985602
-0.034985602,-0.034985602
-0.034985602,-0.034985602
-0.034985602,-0.034985602
-0.034985602,-0.034985602
-0.034985602,-0.034985602
-0.034985602,-0.034985602
-0.034985602,-0.034985602
-0.034985602,-0.034985602
-0.034985602,-0.034985602
-0.034985602,-0.034985602
-0.034985602,-0.034985602
-0.034985602,-0.034985602
-0.034985602,-0.034985602
-0.034985602,-0.034985602
-0.034985602,-0.034985602
-0.034985602,-0.034985602
-0.034985602,-0.034985602
-0.034985602,-0.034985602
-0.034985602,-0.034985602
-0.034985602,-0.034985602
-0.034985602,-0.034985602
-0.034985602,-0.034985602
-0.034985602,-0.034985602
-0.034985602,-0.034985602
-0.034985602,-0.034985602
-0.034985602,-0.034985602
-0.034985602,-0.034985602
-0.034985602,-0.034985602
-0.034985602,-0.034985602
-0.034985602,-0.034985602
-0.034985602,-0.034985602
-0.034985602,-0.034985602
-0.034985602,-0.034985602
-0.034985602,-0.034985602
-0.034985602,-0.034985602
-0.034985602,-0.034985602
-0.034985602,-0.034985602
-0.034985602,-0.034985602
-0.034985602,-0.034985602
-0.034985602,-0.034985602
-0.034985602,-0.034985602
-0.034985602,-0.034985602
-0.034985602,-0.034985602
-0.034985602,-0.034985602
-0.034985602,-0.034985602
-0.034985602,-0.034985602
-0.034985602,-0.034985602
-0.034985602,-0.034985602
-0.034985602,-0.034985602
-0.034985602,-0.034985602
-0.034985602,-0.034985602
-0.034985602,-0.034985602
-0.034985602,-0.034985602
-0.034985602,-0.034985602
-0.034985602,-0.034985602
-0.034985602,-0.034985602
-0.034985602,-0.034985602
-0.034985602,-0.034985602
-0.034985602,-0.034985602
-0.034985602,-0.034985602
-0.034985602,-0.034985602
-0.034985602,-0.034985602
-0.034985602,-0.034985602
-0.034985602,-0.034985602
-0.034985602,-0.034985602
-0.034985602,-0.034985602
-0.034985602,-0.034985602
-0.034985602,-0.034985602
-0.034985602,-0.034985602
-0.034985602,-0.034985602
-0.034985602,-0.034985602
-0.034985602,-0.034985602
-0.034985602,-0.034985602
-0.034985602,-0.034985602
-0.034985602,-0.034985602
-0.034985602,-0.034985602
-0.034985602,-0.034985602
-0.034985602,-0.034985602
-0.034985602,-0.034985602
-0.034985602,-0.034985602
-0.034985602,-0.034985602
-0.034985602,-0.034985602
-0.034985602,-0.034985602
-0.034985602,-0.034985602
-0.034985602,-0.034985602
-0.034985602,-0.034985602
-0.034985602,-0.034985602
-0.034985602,-0.034985602
-0.034985602,-0.034985602
-0.034985602,-0.034985602
-0.034985602,-0.034985602
-0.034985602,-0.034985602
-0.034985602,-0.034985602
-0.034985602,-0.034985602
-0.034985602,-0.034985602
-0.034985602,-0.034985602
-0.034985602,-0.034985602
-0.034985602,-0.034985602
-0.034985602,-0.034985602
-0.034985602,-0.034985602
-0.034985602,-0.034985602
-0.034985602,-0.034985602
-0.034985602,-0.034985602
-0.034985602,-0.034985602
-0.034985602,-0.034985602
-0.034985602,-0.034985602
-0.034985602,-0.034985602
-0.034985602,-0.034985602
-0.034985602,-0.034985602
-0.034985602,-0.034985602
-0.034985602,-0.034985602
-0.034985602,-0.034985602
-0.034985602,-0.034985602
-0.034985602,-0.034985602
-0.034985602,-0.034985602
-0.034985602,-0.034985602
-0.034985602,-0.034985602
-0.034985602,-0.034985602
-0.034985602,-0.034985602
-0.034985602,-0.034985602
-0.034985602,-0.034985602
-0.034985602,-0.034985602
-0.034985602,-0.034985602
-0.034985602,-0.034985602
-0.034985602,-0.034985602
-0.034985602,-0.034985602
-0.034985602,-0.034985602
-0.034985602,-0.034985602
-0.034985602,-0.034985602
-0.034985602,-0.034985602
-0.034985602,-0.034985602
-0.034985602,-0.034985602
-0.034985602,-0.034985602
-0.034985602,-0.034985602
-0.034985602,-0.034985602
-0.034985602,-0.034985602
-0.034985602,-0.034985602
-0.034985602,-0.034985602
-0.034985602,-0.034985602
-0.034985602,-0.034985602
-0.034985602,-0.034985602
-0.034985602,-0.034985602
-0.034985602,-0.034985602
-0.034985602,-0.034985602
-0.034985602,-0.034985602
-0.034985602,-0.034985602
-0.034985602,-0.034985602
-0.034985602,-0.034985602
-0.034985602,-0.034985602
-0.034985602,-0.034985602
-0.034985602,-0.034985602
-0.034985602,-0.034985602
-0.034985602,-0.034985602
-0.034985602,-0.034985602
-0.034985602,-0.034985602
-0.034985602,-0.034985602
-0.034985602,-0.034985602
-0.034985602,-0.034985602
-0.034985602,-0.034985602
-0.034985602,-0.034985602
-0.034985602,-0.034985602
-0.034985602,-0.034985602
-0.034985602,-0.034985602
-0.034985602,-0.034985602
-0.034985602,-0.034985602
-0.034985602,-0.034985602
-0.034985602,-0.034985602
-0.034985602,-0.034985602
-0.034985602,-0.034985602
-0.034985602,-0.034985602
-0.034985602,-0.034985602
-0.034985602,-0.034985602
-0.034985602,-0.034985602
-0.034985602,-0.034985602
-0.034985602,-0.034985602
-0.034985602,-0.034985602
-0.034985602,-0.034985602
-0.034985602,-0.034985602
-0.034985602,-0.034985602
-0.034985602,-0.034985602
-0.034985602,-0.034985602
-0.034985602,-0.034985602
-0.034985602,-0.034985602
-0.034985602,-0.034985602
-0.034985602,-0.034985602
-0.034985602,-0.034985602
-0.034985602,-0.034985602
-0.034985602,-0.034985602
-0.034985602,-0.034985602
-0.034985602,-0.034985602
-0.034985602,-0.034985602
-0.034985602,-0.034985602
-0.034985602,-0.034985602
-0.034985602,-0.034985602
-0.034985602,-0.034985602
-0.034985602,-0.034985602
-0.034985602,-0.034985602
-0.034985602,-0.034985602
-0.034985602,-0.034985602
-0.034985602,-0.034985602
-0.034985602,-0.034985602
-0.034985602,-0.034985602
-0.034985602,-0.034985602
-0.034985602,-0.034985602
-0.034985602,-0.034985602
-0.034985602,-0.034985602
-0.034985602,-0.034985602
-0.034985602,-0.034985602
-0.034985602,-0.034985602
-0.034985602,-0.034985602
-0.034985602,-0.034985602
-0.034985602,-0.034985602
-0.034985602,-0.034985602
-0.034985602,-0.034985602
-0.034985602,-0.034985602
-0.034985602,-0.034985602
-0.034985602,-0.034985602
-0.034985602,-0.034985602
-0.034985602,-0.034985602
-0.034985602,-0.034985602
-0.034985602,-0.034985602
-0.034985602,-0.034985602
-0.034985602,-0.034985602
-0.034985602,-0.034985602
-0.034985602,-0.034985602
-0.034985602,-0.034985602
-0.034985602,-0.034985602
-0.034985602,-0.034985602
-0.034985602,-0.034985602
-0.034985602,-0.034985602
-0.034985602,-0.034985602
-0.034985602,-0.034985602
-0.034985602,-0.034985602
-0.034985602,-0.034985602
-0.034985602,-0.034985602
-0.034985602,-0.034985602
-0.034985602,-0.034985602
-0.034985602,-0.034985602
-0.034985602,-0.034985602
-0.034985602,-0.034985602
-0.034985602,-0.034985602
-0.034985602,-0.034985602
-0.034985602,-0.034985602
-0.034985602,-0.034985602
-0.034985602,-0.034985602
-0.034985602,-0.034985602
-0.034985602,-0.034985602
-0.034985602,-0.034985602
-0.034985602,-0.034985602
-0.034985602,-0.034985602
-0.034985602,-0.034985602
-0.034985602,-0.034985602
-0.034985602,-0.034985602
-0.034985602,-0.034985602
-0.034985602,-0.034985602
-0.034985602,-0.034985602
-0.034985602,-0.034985602
-0.034985602,-0.034985602
-0.034985602,-0.034985602
-0.034985602,-0.034985602
-0.034985602,-0.034985602
-0.034985602,-0.034985602
-0.034985602,-0.034985602
-0.034985602,-0.034985602
-0.034985602,-0.034985602
-0.034985602,-0.034985602
-0.034985602,-0.034985602
-0.034985602,-0.034985602
-0.034985602,-0.034985602
-0.034985602,-0.034985602
-0.034985602,-0.034985602
-0.034985602,-0.034985602
-0.034985602,-0.034985602
-0.034985602,-0.034985602
-0.034985602,-0.034985602
-0.034985602,-0.034985602
-0.034985602,-0.034985602
-0.034985602,-0.034985602
-0.034985602,-0.034985602
-0.034985602,-0.034985602
-0.034985602,-0.034985602
-0.034985602,-0.034985602
-0.034985602,-0.034985602
-0.034985602,-0.034985602
-0.034985602,-0.034985602
-0.034985602,-0.034985602
-0.034985602,-0.034985602
-0.034985602,-0.034985602
-0.034985602,-0.034985602
-0.034985602,-0.034985602
-0.034985602,-0.034985602
-0.034985602,-0.034985602
-0.034985602,-0.034985602
-0.034985602,-0.034985602
-0.034985602,-0.034985602
-0.034985602,-0.034985602
-0.034985602,-0.034985602
-0.034985602,-0.034985602
-0.034985602,-0.034985602
-0.034985602,-0.034985602
-0.034985602,-0.034985602
-0.034985602,-0.034985602
-0.034985602,-0.034985602
-0.034985602,-0.034985602
-0.034985602,-0.034985602
-0.034985602,-0.034985602
-0.034985602,-0.034985602
-0.034985602,-0.034985602
-0.034985602,-0.034985602
-0.034985602,-0.034985602
-0.034985602,-0.034985602
-0.034985602,-0.034985602
-0.034985602,-0.034985602
-0.034985602,-0.034985602
-0.034985602,-0.034985602
-0.034985602,-0.034985602
-0.034985602,-0.034985602
-0.034985602,-0.034985602
-0.034985602,-0.034985602
-0.034985602,-0.034985602
-0.034985602,-0.034985602
-0.034985602,-0.034985602
-0.034985602,-0.034985602
-0.034985602,-0.034985602
-0.034985602,-0.034985602
-0.034985602,-0.034985602
-0.034985602,-0.034985602
-0.034985602,-0.034985602
-0.034985602,-0.034985602
-0.034985602,-0.034985602
-0.034985602,-0.034985602
-0.034985602,-0.034985602
-0.034985602,-0.034985602
-0.034985602,-0.034985602
-0.034985602,-0.034985602
-0.034985602,-0.034985602
-0.034985602,-0.034985602
-0.034985602,-0.034985602
-0.034985602,-0.034985602
-0.034985602,-0.034985602
-0.034985602,-0.034985602
-0.034985602,-0.034985602
-0.034985602,-0.034985602
-0.034985602,-0.034985602
-0.034985602,-0.034985602
-0.034985602,-0.034985602
-0.034985602,-0.034985602
-0.034985602,-0.034985602
-0.034985602,-0.034985602
-0.034985602,-0.034985602
-0.034985602,-0.034985602
-0.034985602,-0.034985602
-0.034985602,-0.034985602
-0.034985602,-0.034985602
-0.034985602,-0.034985602
-0.034985602,-0.034985602
-0.034985602,-0.034985602
-0.034985602,-0.034985602
-0.034985602,-0.034985602
-0.034985602,-0.034985602
-0.034985602,-0.034985602
-0.034985602,-0.034985602
-0.034985602,-0.034985602
-0.034985602,-0.034985602
-0.034985602,-0.034985602
-0.034985602,-0.034985602
-0.034985602,-0.034985602
-0.034985602,-0.034985602
-0.034985602,-0.034985602
-0.034985602,-0.034985602
-0.034985602,-0.034985602
-0.034985602,-0.034985602
-0.034985602,-0.034985602
-0.034985602,-0.034985602
-0.034985602,-0.034985602
-0.034985602,-0.034985602
-0.034985602,-0.034985602
-0.034985602,-0.034985602
-0.034985602,-0.034985602
-0.034985602,-0.034985602
-0.034985602,-0.034985602
-0.034985602,-0.034985602
-0.034985602,-0.034985602
-0.034985602,-0.034985602
-0.034985602,-0.034985602
-0.034985602,-0.034985602
-0.034985602,-0.034985602
-0.034985602,-0.034985602
-0.034985602,-0.034985602
-0.034985602,-0.034985602
-0.034985602,-0.034985602
-0.034985602,-0.034985602
-0.034985602,-0.034985602
-0.034985602,-0.034985602
-0.034985602,-0.034985602
-0.034985602,-0.034985602
-0.034985602,-0.034985602
-0.034985602,-0.034985602
-0.034985602,-0.034985602
-0.034985602,-0.034985602
-0.034985602,-0.034985602
-0.034985602,-0.034985602
-0.034985602,-0.034985602
-0.034985602,-0.034985602
-0.034985602,-0.034985602
-0.034985602,-0.034985602
-0.034985602,-0.034985602
-0.034985602,-0.034985602
-0.034985602,-0.034985602
-0.034985602,-0.034985602
-0.034985602,-0.034985602
-0.034985602,-0.034985602
-0.034985602,-0.034985602
-0.034985602,-0.034985602
-0.034985602,-0.034985602
-0.034985602,-0.034985602
-0.034985602,-0.034985602
-0.034985602,-0.034985602
-0.034985602,-0.034985602
-0.034985602,-0.034985602
-0.034985602,-0.034985602
-0.034985602,-0.034985602
-0.034985602,-0.034985602
-0.034985602,-0.034985602
-0.034985602,-0.034985602
-0.034985602,-0.034985602
-0.034985602,-0.034985602
-0.034985602,-0.034985602
-0.034985602,-0.034985602
-0.034985602,-0.034985602
-0.034985602,-0.034985602
-0.034985602,-0.034985602
-0.034985602,-0.034985602
-0.034985602,-0.034985602
-0.034985602,-0.034985602
-0.034985602,-0.034985602
-0.034985602,-0.034985602
-0.034985602,-0.034985602
-0.034985602,-0.034985602
-0.034985602,-0.034985602
-0.034985602,-0.034985602
-0.034985602,-0.034985602
-0.034985602,-0.034985602
-0.034985602,-0.034985602
-0.034985602,-0.034985602
-0.034985602,-0.034985602
-0.034985602,-0.034985602
-0.034985602,-0.034985602
-0.034985602,-0.034985602
-0.034985602,-0.034985602
-0.034985602,-0.034985602
-0.034985602,-0.034985602
-0.034985602,-0.034985602
-0.034985602,-0.034985602
-0.034985602,-0.034985602
-0.034985602,-0.034985602
-0.034985602,-0.034985602
-0.034985602,-0.034985602
-0.034985602,-0.034985602
-0.034985602,-0.034985602
-0.034985602,-0.034985602
-0.034985602,-0.034985602
-0.034985602,-0.034985602
-0.034985602,-0.034985602
-0.034985602,-0.034985602
-0.034985602,-0.034985602
-0.034985602,-0.034985602
-0.034985602,-0.034985602
-0.034985602,-0.034985602
-0.034985602,-0.034985602
-0.034985602,-0.034985602
-0.034985602,-0.034985602
-0.034985602,-0.034985602
-0.034985602,-0.034985602
-0.034985602,-0.034985602
-0.034985602,-0.034985602
-0.034985602,-0.034985602
-0.034985602,-0.034985602
-0.034985602,-0.034985602
-0.034985602,-0.034985602
-0.034985602,-0.034985602
-0.034985602,-0.034985602
-0.034985602,-0.034985602
-0.034985602,-0.034985602
-0.034985602,-0.034985602
-0.034985602,-0.034985602
-0.034985602,-0.034985602
-0.034985602,-0.034985602
-0.034985602,-0.034985602
-0.034985602,-0.034985602
-0.034985602,-0.034985602
-0.034985602,-0.034985602
-0.034985602,-0.034985602
-0.034985602,-0.034985602
-0.034985602,-0.034985602
-0.034985602,-0.034985602
-0.034985602,-0.034985602
-0.034985602,-0.034985602
-0.034985602,-0.034985602
-0.034985602,-0.034985602
-0.034985602,-0.034985602
-0.034985602,-0.034985602
-0.034985602,-0.034985602
-0.034985602,-0.034985602
-0.034985602,-0.034985602
-0.034985602,-0.034985602
-0.034985602,-0.034985602
-0.034985602,-0.034985602
-0.034985602,-0.034985602
-0.034985602,-0.034985602
-0.034985602,-0.034985602
-0.034985602,-0.034985602
-0.034985602,-0.034985602
-0.034985602,-0.034985602
-0.034985602,-0.034985602
-0.034985602,-0.034985602
-0.034985602,-0.034985602
-0.034985602,-0.034985602
-0.034985602,-0.034985602
-0.034985602,-0.034985602
-0.034985602,-0.034985602
-0.034985602,-0.034985602
-0.034985602,-0.034985602
-0.034985602,-0.034985602
-0.034985602,-0.034985602
-0.034985602,-0.034985602
-0.034985602,-0.034985602
-0.034985602,-0.034985602
-0.034985602,-0.034985602
-0.034985602,-0.034985602
-0.034985602,-0.034985602
-0.034985602,-0.034985602
-0.034985602,-0.034985602
-0.034985602,-0.034985602
-0.034985602,-0.034985602
-0.034985602,-0.034985602
-0.034985602,-0.034985602
-0.034985602,-0.034985602
-0.034985602,-0.034985602
-0.034985602,-0.034985602
-0.034985602,-0.034985602
-0.034985602,-0.034985602
-0.034985602,-0.034985602
-0.034985602,-0.034985602
-0.034985602,-0.034985602
-0.034985602,-0.034985602
-0.034985602,-0.034985602
-0.034985602,-0.034985602
-0.034985602,-0.034985602
-0.034985602,-0.034985602
-0.034985602,-0.034985602
-0.034985602,-0.034985602
-0.034985602,-0.034985602
-0.034985602,-0.034985602
-0.034985602,-0.034985602
-0.034985602,-0.034985602
-0.034985602,-0.034985602
-0.034985602,-0.034985602
-0.034985602,-0.034985602
-0.034985602,-0.034985602
-0.034985602,-0.034985602
-0.034985602,-0.034985602
-0.034985602,-0.034985602
-0.034985602,-0.034985602
-0.034985602,-0.034985602
-0.034985602,-0.034985602
-0.034985602,-0.034985602
-0.034985602,-0.034985602
-0.034985602,-0.034985602
-0.034985602,-0.034985602
-0.034985602,-0.034985602
-0.034985602,-0.034985602
-0.034985602,-0.034985602
-0.034985602,-0.034985602
-0.034985602,-0.034985602
-0.034985602,-0.034985602
-0.034985602,-0.034985602
-0.034985602,-0.034985602
-0.034985602,-0.034985602
-0.034985602,-0.034985602
-0.034985602,-0.034985602
-0.034985602,-0.034985602
-0.034985602,-0.034985602
-0.034985602,-0.034985602
-0.034985602,-0.034985602
-0.034985602,-0.034985602
-0.034985602,-0.034985602
-0.034985602,-0.034985602
-0.034985602,-0.034985602
-0.034985602,-0.034985602
-0.034985602,-0.034985602
-0.034985602,-0.034985602
-0.034985602,-0.034985602
-0.034985602,-0.034985602
-0.034985602,-0.034985602
-0.034985602,-0.034985602
-0.034985602,-0.034985602
-0.034985602,-0.034985602
-0.034985602,-0.034985602
-0.034985602,-0.034985602
-0.034985602,-0.034985602
-0.034985602,-0.034985602
-0.034985602,-0.034985602
-0.034985602,-0.034985602
-0.034985602,-0.034985602
-0.034985602,-0.034985602
-0.034985602,-0.034985602
-0.034985602,-0.034985602
-0.034985602,-0.034985602
-0.034985602,-0.034985602
-0.034985602,-0.034985602
-0.034985602,-0.034985602
-0.034985602,-0.034985602
-0.034985602,-0.034985602
-0.034985602,-0.034985602
-0.034985602,-0.034985602
-0.034985602,-0.034985602
-0.034985602,-0.034985602
-0.034985602,-0.034985602
-0.034985602,-0.034985602
-0.034985602,-0.034985602
-0.034985602,-0.034985602
-0.034985602,-0.034985602
-0.034985602,-0.034985602
-0.034985602,-0.034985602
-0.034985602,-0.034985602
-0.034985602,-0.034985602
-0.034985602,-0.034985602
-0.034985602,-0.034985602
-0.034985602,-0.034985602
-0.034985602,-0.034985602
-0.034985602,-0.034985602
-0.034985602,-0.034985602
-0.034985602,-0.034985602
-0.034985602,-0.034985602
-0.034985602,-0.034985602
-0.034985602,-0.034985602
-0.034985602,-0.034985602
-0.034985602,-0.034985602
-0.034985602,-0.034985602
-0.034985602,-0.034985602
-0.034985602,-0.034985602
-0.034985602,-0.034985602
-0.034985602,-0.034985602
-0.034985602,-0.034985602
-0.034985602,-0.034985602
-0.034985602,-0.034985602
-0.034985602,-0.034985602
-0.034985602,-0.034985602
-0.034985602,-0.034985602
-0.034985602,-0.034985602
-0.034985602,-0.034985602
-0.034985602,-0.034985602
-0.034985602,-0.034985602
-0.034985602,-0.034985602
-0.034985602,-0.034985602
-0.034985602,-0.034985602
-0.034985602,-0.034985602
-0.034985602,-0.034985602
-0.034985602,-0.034985602
-0.034985602,-0.034985602
-0.034985602,-0.034985602
-0.034985602,-0.034985602
-0.034985602,-0.034985602
-0.034985602,-0.034985602
-0.034985602,-0.034985602
-0.034985602,-0.034985602
-0.034985602,-0.034985602
-0.034985602,-0.034985602
-0.034985602,-0.034985602
-0.034985602,-0.034985602
-0.034985602,-0.034985602
-0.034985602,-0.034985602
-0.034985602,-0.034985602
-0.034985602,-0.034985602
-0.034985602,-0.034985602
-0.034985602,-0.034985602
-0.034985602,-0.034985602
-0.034985602,-0.034985602
-0.034985602,-0.034985602
-0.034985602,-0.034985602
-0.034985602,-0.034985602
-0.034985602,-0.034985602
-0.034985602,-0.034985602
-0.034985602,-0.034985602
-0.034985602,-0.034985602
-0.034985602,-0.034985602
-0.034985602,-0.034985602
-0.034985602,-0.034985602
-0.034985602,-0.034985602
-0.034985602,-0.034985602
-0.034985602,-0.034985602
-0.034985602,-0.034985602
-0.034985602,-0.034985602
-0.034985602,-0.034985602
-0.034985602,-0.034985602
-0.034985602,-0.034985602
-0.034985602,-0.034985602
-0.034985602,-0.034985602
-0.034985602,-0.034985602
-0.034985602,-0.034985602
-0.034985602,-0.034985602
-0.034985602,-0.034985602
-0.034985602,-0.034985602
-0.034985602,-0.034985602
-0.034985602,-0.034985602
-0.034985602,-0.034985602
-0.034985602,-0.034985602
-0.034985602,-0.034985602
-0.034985602,-0.034985602
-0.034985602,-0.034985602
-0.034985602,-0.034985602
-0.034985602,-0.034985602
-0.034985602,-0.034985602
-0.034985602,-0.034985602
-0.034985602,-0.034985602
-0.034985602,-0.034985602
-0.034985602,-0.034985602
-0.034985602,-0.034985602
-0.034985602,-0.034985602
-0.034985602,-0.034985602
-0.034985602,-0.034985602
-0.034985602,-0.034985602
-0.034985602,-0.034985602
-0.034985602,-0.034985602
-0.034985602,-0.034985602
-0.034985602,-0.034985602
-0.034985602,-0.034985602
-0.034985602,-0.034985602
-0.034985602,-0.034985602
-0.034985602,-0.034985602
-0.034985602,-0.034985602
-0.034985602,-0.034985602
-0.034985602,-0.034985602
-0.034985602,-0.034985602
-0.034985602,-0.034985602
-0.034985602,-0.034985602
-0.034985602,-0.034985602
-0.034985602,-0.034985602
-0.034985602,-0.034985602
-0.034985602,-0.034985602
-0.034985602,-0.034985602
-0.034985602,-0.034985602
-0.034985602,-0.034985602
-0.034985602,-0.034985602
-0.034985602,-0.034985602
-0.034985602,-0.034985602
-0.034985602,-0.034985602
-0.034985602,-0.034985602
-0.034985602,-0.034985602
-0.034985602,-0.034985602
-0.034985602,-0.034985602
-0.034985602,-0.034985602
-0.034985602,-0.034985602
-0.034985602,-0.034985602
-0.034985602,-0.034985602
-0.034985602,-0.034985602
-0.034985602,-0.034985602
-0.034985602,-0.034985602
-0.034985602,-0.034985602
-0.034985602,-0.034985602
-0.034985602,-0.034985602
-0.034985602,-0.034985602
-0.034985602,-0.034985602
-0.034985602,-0.034985602
-0.034985602,-0.034985602
-0.034985602,-0.034985602
-0.034985602,-0.034985602
-0.034985602,-0.034985602
-0.034985602,-0.034985602
-0.034985602,-0.034985602
-0.034985602,-0.034985602
-0.034985602,-0.034985602
-0.034985602,-0.034985602
-0.034985602,-0.034985602
-0.034985602,-0.034985602
-0.034985602,-0.034985602
-0.034985602,-0.034985602
-0.034985602,-0.034985602
-0.034985602,-0.034985602
-0.034985602,-0.034985602
-0.034985602,-0.034985602
-0.034985602,-0.034985602
-0.034985602,-0.034985602
-0.034985602,-0.034985602
-0.034985602,-0.034985602
-0.034985602,-0.034985602
-0.034985602,-0.034985602
-0.034985602,-0.034985602
-0.034985602,-0.034985602
-0.034985602,-0.034985602
-0.034985602,-0.034985602
-0.034985602,-0.034985602
-0.034985602,-0.034985602
-0.034985602,-0.034985602
-0.034985602,-0.034985602
-0.034985602,-0.034985602
-0.034985602,-0.034985602
-0.034985602,-0.034985602
-0.034985602,-0.034985602
-0.034985602,-0.034985602
-0.034985602,-0.034985602
-0.034985602,-0.034985602
-0.034985602,-0.034985602
-0.034985602,-0.034985602
-0.034985602,-0.034985602
-0.034985602,-0.034985602
-0.034985602,-0.034985602
-0.034985602,-0.034985602
-0.034985602,-0.034985602
-0.034985602,-0.034985602
-0.034985602,-0.034985602
-0.034985602,-0.034985602
-0.034985602,-0.034985602
-0.034985602,-0.034985602
-0.034985602,-0.034985602
-0.034985602,-0.034985602
-0.034985602,-0.034985602
-0.034985602,-0.034985602
-0.034985602,-0.034985602
-0.034985602,-0.034985602
-0.034985602,-0.034985602
-0.034985602,-0.034985602
-0.034985602,-0.034985602
-0.034985602,-0.034985602
-0.034985602,-0.034985602
-0.034985602,-0.034985602
-0.034985602,-0.034985602
-0.034985602,-0.034985602
-0.034985602,-0.034985602
-0.034985602,-0.034985602
-0.034985602,-0.034985602
-0.034985602,-0.034985602
-0.034985602,-0.034985602
-0.034985602,-0.034985602
-0.034985602,-0.034985602
-0.034985602,-0.034985602
-0.034985602,-0.034985602
-0.034985602,-0.034985602
-0.034985602,-0.034985602
-0.034985602,-0.034985602
-0.034985602,-0.034985602
-0.034985602,-0.034985602
-0.034985602,-0.034985602
-0.034985602,-0.034985602
-0.034985602,-0.034985602
-0.034985602,-0.034985602
-0.034985602,-0.034985602
-0.034985602,-0.034985602
-0.034985602,-0.034985602
-0.034985602,-0.034985602
-0.034985602,-0.034985602
-0.034985602,-0.034985602
-0.034985602,-0.034985602
-0.034985602,-0.034985602
-0.034985602,-0.034985602
-0.034985602,-0.034985602
-0.034985602,-0.034985602
-0.034985602,-0.034985602
-0.034985602,-0.034985602
-0.034985602,-0.034985602
-0.034985602,-0.034985602
-0.034985602,-0.034985602
-0.034985602,-0.034985602
-0.034985602,-0.034985602
-0.034985602,-0.034985602
-0.034985602,-0.034985602
-0.034985602,-0.034985602
-0.034985602,-0.034985602
-0.034985602,-0.034985602
-0.034985602,-0.034985602
-0.034985602,-0.034985602
-0.034985602,-0.034985602
-0.034985602,-0.034985602
-0.034985602,-0.034985602
-0.034985602,-0.034985602
-0.034985602,-0.034985602
-0.034985602,-0.034985602
-0.034985602,-0.034985602
-0.034985602,-0.034985602
-0.034985602,-0.034985602
-0.034985602,-0.034985602
-0.034985602,-0.034985602
-0.034985602,-0.034985602
-0.034985602,-0.034985602
-0.034985602,-0.034985602
-0.034985602,-0.034985602
-0.034985602,-0.034985602
-0.034985602,-0.034985602
-0.034985602,-0.034985602
-0.034985602,-0.034985602
-0.034985602,-0.034985602
-0.034985602,-0.034985602
-0.034985602,-0.034985602
-0.034985602,-0.034985602
-0.034985602,-0.034985602
-0.034985602,-0.034985602
-0.034985602,-0.034985602
-0.034985602,-0.034985602
-0.034985602,-0.034985602
-0.034985602,-0.034985602
-0.034985602,-0.034985602
-0.034985602,-0.034985602
-0.034985602,-0.034985602
-0.034985602,-0.034985602
-0.034985602,-0.034985602
-0.034985602,-0.034985602
-0.034985602,-0.034985602
-0.034985602,-0.034985602
-0.034985602,-0.034985602
-0.034985602,-0.034985602
-0.034985602,-0.034985602
-0.034985602,-0.034985602
-0.034985602,-0.034985602
-0.034985602,-0.034985602
-0.034985602,-0.034985602
-0.034985602,-0.034985602
-0.034985602,-0.034985602
-0.034985602,-0.034985602
-0.034985602,-0.034985602
-0.034985602,-0.034985602
-0.034985602,-0.034985602
-0.034985602,-0.034985602
-0.034985602,-0.034985602
-0.034985602,-0.034985602
-0.034985602,-0.034985602
-0.034985602,-0.034985602
-0.034985602,-0.034985602
-0.034985602,-0.034985602
-0.034985602,-0.034985602
-0.034985602,-0.034985602
-0.034985602,-0.034985602
-0.034985602,-0.034985602
-0.034985602,-0.034985602
-0.034985602,-0.034985602
-0.034985602,-0.034985602
-0.034985602,-0.034985602
-0.034985602,-0.034985602
-0.034985602,-0.034985602
-0.034985602,-0.034985602
-0.034985602,-0.034985602
-0.034985602,-0.034985602
-0.034985602,-0.034985602
-0.034985602,-0.034985602
-0.034985602,-0.034985602
-0.034985602,-0.034985602
-0.034985602,-0.034985602
-0.034985602,-0.034985602
-0.034985602,-0.034985602
-0.034985602,-0.034985602
-0.034985602,-0.034985602
-0.034985602,-0.034985602
-0.034985602,-0.034985602
-0.034985602,-0.034985602
-0.034985602,-0.034985602
-0.034985602,-0.034985602
-0.034985602,-0.034985602
-0.034985602,-0.034985602
-0.034985602,-0.034985602
-0.034985602,-0.034985602
-0.034985602,-0.034985602
-0.034985602,-0.034985602
-0.034985602,-0.034985602
-0.034985602,-0.034985602
-0.034985602,-0.034985602
-0.034985602,-0.034985602
-0.034985602,-0.034985602
-0.034985602,-0.034985602
-0.034985602,-0.034985602
-0.034985602,-0.034985602
-0.034985602,-0.034985602
-0.034985602,-0.034985602
-0.034985602,-0.034985602
-0.034985602,-0.034985602
-0.034985602,-0.034985602
-0.034985602,-0.034985602
-0.034985602,-0.034985602
-0.034985602,-0.034985602
-0.034985602,-0.034985602
-0.034985602,-0.034985602
-0.034985602,-0.034985602
-0.034985602,-0.034985602
-0.034985602,-0.034985602
-0.034985602,-0.034985602
-0.034985602,-0.034985602
-0.034985602,-0.034985602
-0.034985602,-0.034985602
-0.034985602,-0.034985602
-0.034985602,-0.034985602
-0.034985602,-0.034985602
-0.034985602,-0.034985602
-0.034985602,-0.034985602
-0.034985602,-0.034985602
-0.034985602,-0.034985602
-0.034985602,-0.034985602
-0.034985602,-0.034985602
-0.034985602,-0.034985602
-0.034985602,-0.034985602
-0.034985602,-0.034985602
-0.034985602,-0.034985602
-0.034985602,-0.034985602
-0.034985602,-0.034985602
-0.034985602,-0.034985602
-0.034985602,-0.034985602
-0.034985602,-0.034985602
-0.034985602,-0.034985602
-0.034985602,-0.034985602
-0.034985602,-0.034985602
-0.034985602,-0.034985602
-0.034985602,-0.034985602
-0.034985602,-0.034985602
-0.034985602,-0.034985602
-0.034985602,-0.034985602
-0.034985602,-0.034985602
-0.034985602,-0.034985602
-0.034985602,-0.034985602
-0.034985602,-0.034985602
-0.034985602,-0.034985602
-0.034985602,-0.034985602
-0.034985602,-0.034985602
-0.034985602,-0.034985602
-0.034985602,-0.034985602
-0.034985602,-0.034985602
-0.034985602,-0.034985602
-0.034985602,-0.034985602
-0.034985602,-0.034985602
-0.034985602,-0.034985602
-0.034985602,-0.034985602
-0.034985602,-0.034985602
-0.034985602,-0.034985602
-0.034985602,-0.034985602
-0.034985602,-0.034985602
-0.034985602,-0.034985602
-0.034985602,-0.034985602
-0.034985602,-0.034985602
-0.034985602,-0.034985602
-0.034985602,-0.034985602
-0.034985602,-0.034985602
-0.034985602,-0.034985602
-0.034985602,-0.034985602
-0.034985602,-0.034985602
-0.034985602,-0.034985602
-0.034985602,-0.034985602
-0.034985602,-0.034985602
-0.034985602,-0.034985602
-0.034985602,-0.034985602
-0.034985602,-0.034985602
-0.034985602,-0.034985602
-0.034985602,-0.034985602
-0.034985602,-0.034985602
-0.034985602,-0.034985602
-0.034985602,-0.034985602
-0.034985602,-0.034985602
-0.034985602,-0.034985602
-0.034985602,-0.034985602
-0.034985602,-0.034985602
-0.034985602,-0.034985602
-0.034985602,-0.034985602
-0.034985602,-0.034985602
-0.034985602,-0.034985602
-0.034985602,-0.034985602
-0.034985602,-0.034985602
-0.034985602,-0.034985602
-0.034985602,-0.034985602
-0.034985602,-0.034985602
-0.034985602,-0.034985602
-0.034985602,-0.034985602
-0.034985602,-0.034985602
-0.034985602,-0.034985602
-0.034985602,-0.034985602
-0.034985602,-0.034985602
-0.034985602,-0.034985602
-0.034985602,-0.034985602
-0.034985602,-0.034985602
-0.034985602,-0.034985602
-0.034985602,-0.034985602
-0.034985602,-0.034985602
-0.034985602,-0.034985602
-0.034985602,-0.034985602
-0.034985602,-0.034985602
-0.034985602,-0.034985602
-0.034985602,-0.034985602
-0.034985602,-0.034985602
-0.034985602,-0.034985602
-0.034985602,-0.034985602
-0.034985602,-0.034985602
-0.034985602,-0.034985602
-0.034985602,-0.034985602
-0.034985602,-0.034985602
-0.034985602,-0.034985602
-0.034985602,-0.034985602
-0.034985602,-0.034985602
-0.034985602,-0.034985602
-0.034985602,-0.034985602
-0.034985602,-0.034985602
-0.034985602,-0.034985602
-0.034985602,-0.034985602
-0.034985602,-0.034985602
-0.034985602,-0.034985602
-0.034985602,-0.034985602
-0.034985602,-0.034985602
-0.034985602,-0.034985602
-0.034985602,-0.034985602
-0.034985602,-0.034985602
-0.034985602,-0.034985602
-0.034985602,-0.034985602
-0.034985602,-0.034985602
-0.034985602,-0.034985602
-0.034985602,-0.034985602
-0.034985602,-0.034985602
-0.034985602,-0.034985602
-0.034985602,-0.034985602
-0.034985602,-0.034985602
-0.034985602,-0.034985602
-0.034985602,-0.034985602
-0.034985602,-0.034985602
-0.034985602,-0.034985602
-0.034985602,-0.034985602
-0.034985602,-0.034985602
-0.034985602,-0.034985602
-0.034985602,-0.034985602
-0.034985602,-0.034985602
-0.034985602,-0.034985602
-0.034985602,-0.034985602
-0.034985602,-0.034985602
-0.034985602,-0.034985602
-0.034985602,-0.034985602
-0.034985602,-0.034985602
-0.034985602,-0.034985602
-0.034985602,-0.034985602
-0.034985602,-0.034985602
-0.034985602,-0.034985602
-0.034985602,-0.034985602
-0.034985602,-0.034985602
-0.034985602,-0.034985602
-0.034985602,-0.034985602
-0.034985602,-0.034985602
-0.034985602,-0.034985602
-0.034985602,-0.034985602
-0.034985602,-0.034985602
-0.034985602,-0.034985602
-0.034985602,-0.034985602
-0.034985602,-0.034985602
-0.034985602,-0.034985602
-0.034985602,-0.034985602
-0.034985602,-0.034985602
-0.034985602,-0.034985602
-0.034985602,-0.034985602
-0.034985602,-0.034985602
-0.034985602,-0.034985602
-0.034985602,-0.034985602
-0.034985602,-0.034985602
-0.034985602,-0.034985602
-0.034985602,-0.034985602
-0.034985602,-0.034985602
-0.034985602,-0.034985602
-0.034985602,-0.034985602
-0.034985602,-0.034985602
-0.034985602,-0.034985602
-0.034985602,-0.034985602
-0.034985602,-0.034985602
-0.034985602,-0.034985602
-0.034985602,-0.034985602
-0.034985602,-0.034985602
-0.034985602,-0.034985602
-0.034985602,-0.034985602
-0.034985602,-0.034985602
-0.034985602,-0.034985602
-0.034985602,-0.034985602
-0.034985602,-0.034985602
-0.034985602,-0.034985602
-0.034985602,-0.034985602
-0.034985602,-0.034985602
-0.034985602,-0.034985602
-0.034985602,-0.034985602
-0.034985602,-0.034985602
-0.034985602,-0.034985602
-0.034985602,-0.034985602
-0.034985602,-0.034985602
-0.034985602,-0.034985602
-0.034985602,-0.034985602
-0.034985602,-0.034985602
-0.034985602,-0.034985602
-0.034985602,-0.034985602
-0.034985602,-0.034985602
-0.034985602,-0.034985602
-0.034985602,-0.034985602
-0.034985602,-0.034985602
-0.034985602,-0.034985602
-0.034985602,-0.034985602
-0.034985602,-0.034985602
-0.034985602,-0.034985602
-0.034985602,-0.034985602
-0.034985602,-0.034985602
-0.034985602,-0.034985602
-0.034985602,-0.034985602
-0.034985602,-0.034985602
-0.034985602,-0.034985602
-0.034985602,-0.034985602
-0.034985602,-0.034985602
-0.034985602,-0.034985602
-0.034985602,-0.034985602
-0.034985602,-0.034985602
-0.034985602,-0.034985602
-0.034985602,-0.034985602
-0.034985602,-0.034985602
-0.034985602,-0.034985602
-0.034985602,-0.034985602
-0.034985602,-0.034985602
-0.034985602,-0.034985602
-0.034985602,-0.034985602
-0.034985602,-0.034985602
-0.034985602,-0.034985602
-0.034985602,-0.034985602
-0.034985602,-0.034985602
-0.034985602,-0.034985602
-0.034985602,-0.034985602
-0.034985602,-0.034985602
-0.034985602,-0.034985602
-0.034985602,-0.034985602
-0.034985602,-0.034985602
-0.034985602,-0.034985602
-0.034985602,-0.034985602
-0.034985602,-0.034985602
-0.034985602,-0.034985602
-0.034985602,-0.034985602
-0.034985602,-0.034985602
-0.034985602,-0.034985602
-0.034985602,-0.034985602
-0.034985602,-0.034985602
-0.034985602,-0.034985602
-0.034985602,-0.034985602
-0.034985602,-0.034985602
-0.034985602,-0.034985602
-0.034985602,-0.034985602
-0.034985602,-0.034985602
-0.034985602,-0.034985602
-0.034985602,-0.034985602
-0.034985602,-0.034985602
-0.034985602,-0.034985602
-0.034985602,-0.034985602
-0.034985602,-0.034985602
-0.034985602,-0.034985602
-0.034985602,-0.034985602
-0.034985602,-0.034985602
-0.034985602,-0.034985602
-0.034985602,-0.034985602
-0.034985602,-0.034985602
-0.034985602,-0.034985602
-0.034985602,-0.034985602
-0.034985602,-0.034985602
-0.034985602,-0.034985602
-0.034985602,-0.034985602
-0.034985602,-0.034985602
-0.034985602,-0.034985602
-0.034985602,-0.034985602
-0.034985602,-0.034985602
-0.034985602,-0.034985602
-0.034985602,-0.034985602
-0.034985602,-0.034985602
-0.034985602,-0.034985602
-0.034985602,-0.034985602
-0.034985602,-0.034985602
-0.034985602,-0.034985602
-0.034985602,-0.034985602
-0.034985602,-0.034985602
-0.034985602,-0.034985602
-0.034985602,-0.034985602
-0.034985602,-0.034985602
-0.034985602,-0.034985602
-0.034985602,-0.034985602
-0.034985602,-0.034985602
-0.034985602,-0.034985602
-0.034985602,-0.034985602
-0.034985602,-0.034985602
-0.034985602,-0.034985602
-0.034985602,-0.034985602
-0.034985602,-0.034985602
-0.034985602,-0.034985602
-0.034985602,-0.034985602
-0.034985602,-0.034985602
-0.034985602,-0.034985602
-0.034985602,-0.034985602
-0.034985602,-0.034985602
-0.034985602,-0.034985602
-0.034985602,-0.034985602
-0.034985602,-0.034985602
-0.034985602,-0.034985602
-0.034985602,-0.034985602
-0.034985602,-0.034985602
-0.034985602,-0.034985602
-0.034985602,-0.034985602
-0.034985602,-0.034985602
-0.034985602,-0.034985602
-0.034985602,-0.034985602
-0.034985602,-0.034985602
-0.034985602,-0.034985602
-0.034985602,-0.034985602
-0.034985602,-0.034985602
-0.034985602,-0.034985602
-0.034985602,-0.034985602
-0.034985602,-0.034985602
-0.034985602,-0.034985602
-0.034985602,-0.034985602
-0.034985602,-0.034985602
-0.034985602,-0.034985602
-0.034985602,-0.034985602
-0.034985602,-0.034985602
-0.034985602,-0.034985602
-0.034985602,-0.034985602
-0.034985602,-0.034985602
-0.034985602,-0.034985602
-0.034985602,-0.034985602
-0.034985602,-0.034985602
-0.034985602,-0.034985602
-0.034985602,-0.034985602
-0.034985602,-0.034985602
-0.034985602,-0.034985602
-0.034985602,-0.034985602
-0.034985602,-0.034985602
-0.034985602,-0.034985602
-0.034985602,-0.034985602
-0.034985602,-0.034985602
-0.034985602,-0.034985602
-0.034985602,-0.034985602
-0.034985602,-0.034985602
-0.034985602,-0.034985602
-0.034985602,-0.034985602
-0.034985602,-0.034985602
-0.034985602,-0.034985602
-0.034985602,-0.034985602
-0.034985602,-0.034985602
-0.034985602,-0.034985602
-0.034985602,-0.034985602
-0.034985602,-0.034985602
-0.034985602,-0.034985602
-0.034985602,-0.034985602
-0.034985602,-0.034985602
-0.034985602,-0.034985602
-0.034985602,-0.034985602
-0.034985602,-0.034985602
-0.034985602,-0.034985602
-0.034985602,-0.034985602
-0.034985602,-0.034985602
-0.034985602,-0.034985602
-0.034985602,-0.034985602
-0.034985602,-0.034985602
-0.034985602,-0.034985602
-0.034985602,-0.034985602
-0.034985602,-0.034985602
-0.034985602,-0.034985602
-0.034985602,-0.034985602
-0.034985602,-0.034985602
-0.034985602,-0.034985602
-0.034985602,-0.034985602
-0.034985602,-0.034985602
-0.034985602,-0.034985602
-0.034985602,-0.034985602
-0.034985602,-0.034985602
-0.034985602,-0.034985602
-0.034985602,-0.034985602
-0.034985602,-0.034985602
-0.034985602,-0.034985602
-0.034985602,-0.034985602
-0.034985602,-0.034985602
-0.034985602,-0.034985602
-0.034985602,-0.034985602
-0.034985602,-0.034985602
-0.034985602,-0.034985602
-0.034985602,-0.034985602
-0.034985602,-0.034985602
-0.034985602,-0.034985602
-0.034985602,-0.034985602
-0.034985602,-0.034985602
-0.034985602,-0.034985602
-0.034985602,-0.034985602
-0.034985602,-0.034985602
-0.034985602,-0.034985602
-0.034985602,-0.034985602
-0.034985602,-0.034985602
-0.034985602,-0.034985602
-0.034985602,-0.034985602
-0.034985602,-0.034985602
-0.034985602,-0.034985602
-0.034985602,-0.034985602
-0.034985602,-0.034985602
-0.034985602,-0.034985602
-0.034985602,-0.034985602
-0.034985602,-0.034985602
-0.034985602,-0.034985602
-0.034985602,-0.034985602
-0.034985602,-0.034985602
-0.034985602,-0.034985602
-0.034985602,-0.034985602
-0.034985602,-0.034985602
-0.034985602,-0.034985602
-0.034985602,-0.034985602
-0.034985602,-0.034985602
-0.034985602,-0.034985602
-0.034985602,-0.034985602
-0.034985602,-0.034985602
-0.034985602,-0.034985602
-0.034985602,-0.034985602
-0.034985602,-0.034985602
-0.034985602,-0.034985602
-0.034985602,-0.034985602
-0.034985602,-0.034985602
-0.034985602,-0.034985602
-0.034985602,-0.034985602
-0.034985602,-0.034985602
-0.034985602,-0.034985602
-0.034985602,-0.034985602
-0.034985602,-0.034985602
-0.034985602,-0.034985602
-0.034985602,-0.034985602
-0.034985602,-0.034985602
-0.034985602,-0.034985602
-0.034985602,-0.034985602
-0.034985602,-0.034985602
-0.034985602,-0.034985602
-0.034985602,-0.034985602
-0.034985602,-0.034985602
-0.034985602,-0.034985602
-0.034985602,-0.034985602
-0.034985602,-0.034985602
-0.034985602,-0.034985602
-0.034985602,-0.034985602
-0.034985602,-0.034985602
-0.034985602,-0.034985602
-0.034985602,-0.034985602
-0.034985602,-0.034985602
-0.034985602,-0.034985602
-0.034985602,-0.034985602
-0.034985602,-0.034985602
-0.034985602,-0.034985602
-0.034985602,-0.034985602
-0.034985602,-0.034985602
-0.034985602,-0.034985602
-0.034985602,-0.034985602
-0.034985602,-0.034985602
-0.034985602,-0.034985602
-0.034985602,-0.034985602
-0.034985602,-0.034985602
-0.034985602,-0.034985602
-0.034985602,-0.034985602
-0.034985602,-0.034985602
-0.034985602,-0.034985602
-0.034985602,-0.034985602
-0.034985602,-0.034985602
-0.034985602,-0.034985602
-0.034985602,-0.034985602
-0.034985602,-0.034985602
-0.034985602,-0.034985602
-0.034985602,-0.034985602
-0.034985602,-0.034985602
-0.034985602,-0.034985602
-0.034985602,-0.034985602
-0.034985602,-0.034985602
-0.034985602,-0.034985602
-0.034985602,-0.034985602
-0.034985602,-0.034985602
-0.034985602,-0.034985602
-0.034985602,-0.034985602
-0.034985602,-0.034985602
-0.034985602,-0.034985602
-0.034985602,-0.034985602
-0.034985602,-0.034985602
-0.034985602,-0.034985602
-0.034985602,-0.034985602
-0.034985602,-0.034985602
-0.034985602,-0.034985602
-0.034985602,-0.034985602
-0.034985602,-0.034985602
-0.034985602,-0.034985602
-0.034985602,-0.034985602
-0.034985602,-0.034985602
-0.034985602,-0.034985602
-0.034985602,-0.034985602
-0.034985602,-0.034985602
-0.034985602,-0.034985602
-0.034985602,-0.034985602
-0.034985602,-0.034985602
-0.034985602,-0.034985602
-0.034985602,-0.034985602
-0.034985602,-0.034985602
-0.034985602,-0.034985602
-0.034985602,-0.034985602
-0.034985602,-0.034985602
-0.034985602,-0.034985602
-0.034985602,-0.034985602
-0.034985602,-0.034985602
-0.034985602,-0.034985602
-0.034985602,-0.034985602
-0.034985602,-0.034985602
-0.034985602,-0.034985602
-0.034985602,-0.034985602
-0.034985602,-0.034985602
-0.034985602,-0.034985602
-0.034985602,-0.034985602
-0.034985602,-0.034985602
-0.034985602,-0.034985602
-0.034985602,-0.034985602
-0.034985602,-0.034985602
-0.034985602,-0.034985602
-0.034985602,-0.034985602
-0.034985602,-0.034985602
-0.034985602,-0.034985602
-0.034985602,-0.034985602
-0.034985602,-0.034985602
-0.034985602,-0.034985602
-0.034985602,-0.034985602
-0.034985602,-0.034985602
-0.034985602,-0.034985602
-0.034985602,-0.034985602
-0.034985602,-0.034985602
-0.034985602,-0.034985602
-0.034985602,-0.034985602
-0.034985602,-0.034985602
-0.034985602,-0.034985602
-0.034985602,-0.034985602
-0.034985602,-0.034985602
-0.034985602,-0.034985602
-0.034985602,-0.034985602
-0.034985602,-0.034985602
-0.034985602,-0.034985602
-0.034985602,-0.034985602
-0.034985602,-0.034985602
-0.034985602,-0.034985602
-0.034985602,-0.034985602
-0.034985602,-0.034985602
-0.034985602,-0.034985602
-0.034985602,-0.034985602
-0.034985602,-0.034985602
-0.034985602,-0.034985602
-0.034985602,-0.034985602
-0.034985602,-0.034985602
-0.034985602,-0.034985602
-0.034985602,-0.034985602
-0.034985602,-0.034985602
-0.034985602,-0.034985602
-0.034985602,-0.034985602
-0.034985602,-0.034985602
-0.034985602,-0.034985602
-0.034985602,-0.034985602
-0.034985602,-0.034985602
-0.034985602,-0.034985602
-0.034985602,-0.034985602
-0.034985602,-0.034985602
-0.034985602,-0.034985602
-0.034985602,-0.034985602
-0.034985602,-0.034985602
-0.034985602,-0.034985602
-0.034985602,-0.034985602
-0.034985602,-0.034985602
-0.034985602,-0.034985602
-0.034985602,-0.034985602
-0.034985602,-0.034985602
-0.034985602,-0.034985602
-0.034985602,-0.034985602
-0.034985602,-0.034985602
-0.034985602,-0.034985602
-0.034985602,-0.034985602
-0.034985602,-0.034985602
-0.034985602,-0.034985602
-0.034985602,-0.034985602
-0.034985602,-0.034985602
-0.034985602,-0.034985602
-0.034985602,-0.034985602
-0.034985602,-0.034985602
-0.034985602,-0.034985602
-0.034985602,-0.034985602
-0.034985602,-0.034985602
-0.034985602,-0.034985602
-0.034985602,-0.034985602
-0.034985602,-0.034985602
-0.034985602,-0.034985602
-0.034985602,-0.034985602
-0.034985602,-0.034985602
-0.034985602,-0.034985602
-0.034985602,-0.034985602
-0.034985602,-0.034985602
-0.034985602,-0.034985602
-0.034985602,-0.034985602
-0.034985602,-0.034985602
-0.034985602,-0.034985602
-0.034985602,-0.034985602
-0.034985602,-0.034985602
-0.034985602,-0.034985602
-0.034985602,-0.034985602
-0.034985602,-0.034985602
-0.034985602,-0.034985602
-0.034985602,-0.034985602
-0.034985602,-0.034985602
-0.034985602,-0.034985602
-0.034985602,-0.034985602
-0.034985602,-0.034985602
-0.034985602,-0.034985602
-0.034985602,-0.034985602
-0.034985602,-0.034985602
-0.034985602,-0.034985602
-0.034985602,-0.034985602
-0.034985602,-0.034985602
-0.034985602,-0.034985602
-0.034985602,-0.034985602
-0.034985602,-0.034985602
-0.034985602,-0.034985602
-0.034985602,-0.034985602
-0.034985602,-0.034985602
-0.034985602,-0.034985602
-0.034985602,-0.034985602
-0.034985602,-0.034985602
-0.034985602,-0.034985602
-0.034985602,-0.034985602
-0.034985602,-0.034985602
-0.034985602,-0.034985602
-0.034985602,-0.034985602
-0.034985602,-0.034985602
-0.034985602,-0.034985602
-0.034985602,-0.034985602
-0.034985602,-0.034985602
-0.034985602,-0.034985602
-0.034985602,-0.034985602
-0.034985602,-0.034985602
-0.034985602,-0.034985602
-0.034985602,-0.034985602
-0.034985602,-0.034985602
-0.034985602,-0.034985602
-0.034985602,-0.034985602
-0.034985602,-0.034985602
-0.034985602,-0.034985602
-0.034985602,-0.034985602
-0.034985602,-0.034985602
-0.034985602,-0.034985602
-0.034985602,-0.034985602
-0.034985602,-0.034985602
-0.034985602,-0.034985602
-0.034985602,-0.034985602
-0.034985602,-0.034985602
-0.034985602,-0.034985602
-0.034985602,-0.034985602
-0.034985602,-0.034985602
-0.034985602,-0.034985602
-0.034985602,-0.034985602
-0.034985602,-0.034985602
-0.034985602,-0.034985602
-0.034985602,-0.034985602
-0.034985602,-0.034985602
-0.034985602,-0.034985602
-0.034985602,-0.034985602
-0.034985602,-0.034985602
-0.034985602,-0.034985602
-0.034985602,-0.034985602
-0.034985602,-0.034985602
-0.034985602,-0.034985602
-0.034985602,-0.034985602
-0.034985602,-0.034985602
-0.034985602,-0.034985602
-0.034985602,-0.034985602
-0.034985602,-0.034985602
-0.034985602,-0.034985602
-0.034985602,-0.034985602
-0.034985602,-0.034985602
-0.034985602,-0.034985602
-0.034985602,-0.034985602
-0.034985602,-0.034985602
-0.034985602,-0.034985602
-0.034985602,-0.034985602
-0.034985602,-0.034985602
-0.034985602,-0.034985602
-0.034985602,-0.034985602
-0.034985602,-0.034985602
-0.034985602,-0.034985602
-0.034985602,-0.034985602
-0.034985602,-0.034985602
-0.034985602,-0.034985602
-0.034985602,-0.034985602
-0.034985602,-0.034985602
-0.034985602,-0.034985602
-0.034985602,-0.034985602
-0.034985602,-0.034985602
-0.034985602,-0.034985602
-0.034985602,-0.034985602
-0.034985602,-0.034985602
-0.034985602,-0.034985602
-0.034985602,-0.034985602
-0.034985602,-0.034985602
-0.034985602,-0.034985602
-0.034985602,-0.034985602
-0.034985602,-0.034985602
-0.034985602,-0.034985602
-0.034985602,-0.034985602
-0.034985602,-0.034985602
-0.034985602,-0.034985602
-0.034985602,-0.034985602
-0.034985602,-0.034985602
-0.034985602,-0.034985602
-0.034985602,-0.034985602
-0.034985602,-0.034985602
-0.034985602,-0.034985602
-0.034985602,-0.034985602
-0.034985602,-0.034985602
-0.034985602,-0.034985602
-0.034985602,-0.034985602
-0.034985602,-0.034985602
-0.034985602,-0.034985602
-0.034985602,-0.034985602
-0.034985602,-0.034985602
-0.034985602,-0.034985602
-0.034985602,-0.034985602
-0.034985602,-0.034985602
-0.034985602,-0.034985602
-0.034985602,-0.034985602
-0.034985602,-0.034985602
-0.034985602,-0.034985602
-0.034985602,-0.034985602
-0.034985602,-0.034985602
-0.034985602,-0.034985602
-0.034985602,-0.034985602
-0.034985602,-0.034985602
-0.034985602,-0.034985602
-0.034985602,-0.034985602
-0.034985602,-0.034985602
-0.034985602,-0.034985602
-0.034985602,-0.034985602
-0.034985602,-0.034985602
-0.034985602,-0.034985602
-0.034985602,-0.034985602
-0.034985602,-0.034985602
-0.034985602,-0.034985602
-0.053054363,-0.053054363
-0.053054363,-0.053054363
-0.053054363,-0.053054363
-0.053054363,-0.053054363
-0.053054363,-0.053054363
-0.053054363,-0.053054363
-0.053054363,-0.053054363
-0.053054363,-0.053054363
-0.053054363,-0.053054363
-0.053054363,-0.053054363
-0.053054363,-0.053054363
-0.053054363,-0.053054363
-0.053054363,-0.053054363
-0.053054363,-0.053054363
-0.053054363,-0.053054363
-0.053054363,-0.053054363
-0.053054363,-0.053054363
-0.053054363,-0.053054363
-0.053054363,-0.053054363
-0.053054363,-0.053054363
-0.034985602,-0.034985602
-0.034985602,-0.034985602
-0.034985602,-0.034985602
-0.034985602,-0.034985602
-0.034985602,-0.034985602
-0.034985602,-0.034985602
-0.034985602,-0.034985602
-0.034985602,-0.034985602
-0.034985602,-0.034985602
-0.034985602,-0.034985602
-0.034985602,-0.034985602
-0.034985602,-0.034985602
-0.034985602,-0.034985602
-0.034985602,-0.034985602
-0.034985602,-0.034985602
-0.034985602,-0.034985602
-0.034985602,-0.034985602
-0.034985602,-0.034985602
-0.034985602,-0.034985602
-0.034985602,-0.034985602
-0.034985602,-0.034985602
-0.034985602,-0.034985602
-0.034985602,-0.034985602
-0.034985602,-0.034985602
-0.034985602,-0.034985602
-0.034985602,-0.034985602
-0.034985602,-0.034985602
-0.034985602,-0.034985602
-0.034985602,-0.034985602
-0.034985602,-0.034985602
-0.034985602,-0.034985602
-0.034985602,-0.034985602
-0.034985602,-0.034985602
-0.034985602,-0.034985602
-0.034985602,-0.034985602
-0.034985602,-0.034985602
-0.034985602,-0.034985602
-0.034985602,-0.034985602
-0.034985602,-0.034985602
-0.034985602,-0.034985602
-0.034985602,-0.034985602
-0.034985602,-0.034985602
-0.034985602,-0.034985602
-0.034985602,-0.034985602
-0.034985602,-0.034985602
-0.034985602,-0.034985602
-0.034985602,-0.034985602
-0.034985602,-0.034985602
-0.034985602,-0.034985602
-0.034985602,-0.034985602
-0.034985602,-0.034985602
-0.034985602,-0.034985602
-0.034985602,-0.034985602
-0.034985602,-0.034985602
-0.034985602,-0.034985602
-0.034985602,-0.034985602
-0.034985602,-0.034985602
-0.034985602,-0.034985602
-0.034985602,-0.034985602
-0.034985602,-0.034985602
-0.034985602,-0.034985602
-0.034985602,-0.034985602
-0.034985602,-0.034985602
-0.034985602,-0.034985602
-0.034985602,-0.034985602
-0.034985602,-0.034985602
-0.034985602,-0.034985602
-0.034985602,-0.034985602
-0.034985602,-0.034985602
-0.034985602,-0.034985602
-0.034985602,-0.034985602
-0.034985602,-0.034985602
-0.034985602,-0.034985602
-0.034985602,-0.034985602
-0.034985602,-0.034985602
-0.034985602,-0.034985602
-0.034985602,-0.034985602
-0.034985602,-0.034985602
-0.034985602,-0.034985602
-0.034985602,-0.034985602
-0.034985602,-0.034985602
-0.034985602,-0.034985602
-0.034985602,-0.034985602
-0.034985602,-0.034985602
-0.034985602,-0.034985602
-0.034985602,-0.034985602
-0.034985602,-0.034985602
-0.034985602,-0.034985602
-0.034985602,-0.034985602
-0.034985602,-0.034985602
-0.034985602,-0.034985602
-0.034985602,-0.034985602
-0.034985602,-0.034985602
-0.034985602,-0.034985602
-0.034985602,-0.034985602
-0.034985602,-0.034985602
-0.034985602,-0.034985602
-0.034985602,-0.034985602
-0.034985602,-0.034985602
-0.034985602,-0.034985602
-0.034985602,-0.034985602
-0.034985602,-0.034985602
-0.034985602,-0.034985602
-0.034985602,-0.034985602
-0.034985602,-0.034985602
-0.034985602,-0.034985602
-0.034985602,-0.034985602
-0.034985602,-0.034985602
-0.034985602,-0.034985602
-0.034985602,-0.034985602
-0.034985602,-0.034985602
-0.034985602,-0.034985602
-0.034985602,-0.034985602
-0.034985602,-0.034985602
-0.034985602,-0.034985602
-0.034985602,-0.034985602
-0.034985602,-0.034985602
-0.034985602,-0.034985602
-0.034985602,-0.034985602
-0.034985602,-0.034985602
-0.034985602,-0.034985602
-0.034985602,-0.034985602
-0.034985602,-0.034985602
-0.034985602,-0.034985602
-0.034985602,-0.034985602
-0.034985602,-0.034985602
-0.034985602,-0.034985602
-0.034985602,-0.034985602
-0.034985602,-0.034985602
-0.034985602,-0.034985602
-0.034985602,-0.034985602
-0.034985602,-0.034985602
-0.034985602,-0.034985602
-0.034985602,-0.034985602
-0.034985602,-0.034985602
-0.034985602,-0.034985602
-0.034985602,-0.034985602
-0.034985602,-0.034985602
-0.034985602,-0.034985602
-0.034985602,-0.034985602
-0.034985602,-0.034985602
-0.034985602,-0.034985602
-0.034985602,-0.034985602
-0.034985602,-0.034985602
-0.034985602,-0.034985602
-0.034985602,-0.034985602
-0.034985602,-0.034985602
-0.034985602,-0.034985602
-0.034985602,-0.034985602
-0.034985602,-0.034985602
-0.034985602,-0.034985602
-0.034985602,-0.034985602
-0.034985602,-0.034985602
-0.034985602,-0.034985602
-0.034985602,-0.034985602
-0.034985602,-0.034985602
-0.034985602,-0.034985602
-0.034985602,-0.034985602
-0.034985602,-0.034985602
-0.034985602,-0.034985602
-0.034985602,-0.034985602
-0.034985602,-0.034985602
-0.034985602,-0.034985602
-0.034985602,-0.034985602
-0.034985602,-0.034985602
-0.034985602,-0.034985602
-0.034985602,-0.034985602
-0.034985602,-0.034985602
-0.034985602,-0.034985602
-0.034985602,-0.034985602
-0.034985602,-0.034985602
-0.034985602,-0.034985602
-0.034985602,-0.034985602
-0.034985602,-0.034985602
-0.034985602,-0.034985602
-0.034985602,-0.034985602
-0.034985602,-0.034985602
-0.034985602,-0.034985602
-0.034985602,-0.034985602
-0.034985602,-0.034985602
-0.034985602,-0.034985602
-0.034985602,-0.034985602
-0.034985602,-0.034985602
-0.034985602,-0.034985602
-0.034985602,-0.034985602
-0.034985602,-0.034985602
-0.034985602,-0.034985602
-0.034985602,-0.034985602
-0.034985602,-0.034985602
-0.034985602,-0.034985602
-0.034985602,-0.034985602
-0.034985602,-0.034985602
-0.034985602,-0.034985602
-0.034985602,-0.034985602
-0.034985602,-0.034985602
-0.034985602,-0.034985602
-0.034985602,-0.034985602
-0.034985602,-0.034985602
-0.034985602,-0.034985602
-0.034985602,-0.034985602
-0.034985602,-0.034985602
-0.034985602,-0.034985602
-0.034985602,-0.034985602
-0.034985602,-0.034985602
-0.034985602,-0.034985602
-0.034985602,-0.034985602
-0.034985602,-0.034985602
-0.034985602,-0.034985602
-0.034985602,-0.034985602
-0.034985602,-0.034985602
-0.034985602,-0.034985602
-0.034985602,-0.034985602
-0.034985602,-0.034985602
-0.034985602,-0.034985602
-0.034985602,-0.034985602
-0.034985602,-0.034985602
-0.034985602,-0.034985602
-0.034985602,-0.034985602
-0.034985602,-0.034985602
-0.034985602,-0.034985602
-0.034985602,-0.034985602
-0.034985602,-0.034985602
-0.034985602,-0.034985602
-0.034985602,-0.034985602
-0.034985602,-0.034985602
-0.034985602,-0.034985602
-0.034985602,-0.034985602
-0.034985602,-0.034985602
-0.034985602,-0.034985602
-0.034985602,-0.034985602
-0.034985602,-0.034985602
-0.034985602,-0.034985602
-0.034985602,-0.034985602
-0.034985602,-0.034985602
-0.034985602,-0.034985602
-0.034985602,-0.034985602
-0.034985602,-0.034985602
-0.034985602,-0.034985602
-0.034985602,-0.034985602
-0.034985602,-0.034985602
-0.034985602,-0.034985602
-0.034985602,-0.034985602
-0.034985602,-0.034985602
-0.034985602,-0.034985602
-0.034985602,-0.034985602
-0.034985602,-0.034985602
-0.034985602,-0.034985602
-0.034985602,-0.034985602
-0.034985602,-0.034985602
-0.034985602,-0.034985602
-0.034985602,-0.034985602
-0.034985602,-0.034985602
-0.034985602,-0.034985602
-0.034985602,-0.034985602
-0.034985602,-0.034985602
-0.034985602,-0.034985602
-0.034985602,-0.034985602
-0.034985602,-0.034985602
-0.034985602,-0.034985602
-0.034985602,-0.034985602
-0.034985602,-0.034985602
-0.034985602,-0.034985602
-0.034985602,-0.034985602
-0.034985602,-0.034985602
-0.034985602,-0.034985602
-0.034985602,-0.034985602
-0.034985602,-0.034985602
-0.034985602,-0.034985602
-0.034985602,-0.034985602
-0.034985602,-0.034985602
-0.034985602,-0.034985602
-0.034985602,-0.034985602
-0.034985602,-0.034985602
-0.034985602,-0.034985602
-0.034985602,-0.034985602
-0.034985602,-0.034985602
-0.034985602,-0.034985602
-0.034985602,-0.034985602
-0.034985602,-0.034985602
-0.034985602,-0.034985602
-0.034985602,-0.034985602
-0.034985602,-0.034985602
-0.034985602,-0.034985602
-0.034985602,-0.034985602
-0.034985602,-0.034985602
-0.034985602,-0.034985602
-0.034985602,-0.034985602
-0.034985602,-0.034985602
-0.034985602,-0.034985602
-0.034985602,-0.034985602
-0.006865382,-0.006865382
-0.006865382,-0.006865382
-0.006865382,-0.006865382
-0.006865382,-0.006865382
-0.006865382,-0.006865382
-0.006865382,-0.006865382
-0.006865382,-0.006865382
-0.006865382,-0.006865382
-0.006865382,-0.006865382
-0.006865382,-0.006865382
-0.006865382,-0.006865382
-0.034985602,-0.034985602
-0.034985602,-0.034985602
-0.034985602,-0.034985602
-0.034985602,-0.034985602
-0.034985602,-0.034985602
-0.034985602,-0.034985602
-0.034985602,-0.034985602
-0.034985602,-0.034985602
-0.034985602,-0.034985602
-0.034985602,-0.034985602
-0.034985602,-0.034985602
-0.034985602,-0.034985602
-0.034985602,-0.034985602
-0.034985602,-0.034985602
-0.034985602,-0.034985602
-0.034985602,-0.034985602
-0.034985602,-0.034985602
-0.034985602,-0.034985602
-0.034985602,-0.034985602
-0.034985602,-0.034985602
-0.034985602,-0.034985602
-0.034985602,-0.034985602
-0.034985602,-0.034985602
-0.034985602,-0.034985602
-0.034985602,-0.034985602
-0.034985602,-0.034985602
-0.034985602,-0.034985602
-0.034985602,-0.034985602
-0.034985602,-0.034985602
-0.034985602,-0.034985602
-0.034985602,-0.034985602
-0.034985602,-0.034985602
-0.034985602,-0.034985602
-0.034985602,-0.034985602
-0.034985602,-0.034985602
-0.034985602,-0.034985602
-0.034985602,-0.034985602
-0.034985602,-0.034985602
-0.034985602,-0.034985602
-0.034985602,-0.034985602
-0.034985602,-0.034985602
-0.034985602,-0.034985602
-0.034985602,-0.034985602
-0.034985602,-0.034985602
-0.034985602,-0.034985602
-0.034985602,-0.034985602
-0.034985602,-0.034985602
-0.034985602,-0.034985602
-0.034985602,-0.034985602
-0.034985602,-0.034985602
-0.034985602,-0.034985602
-0.034985602,-0.034985602
-0.034985602,-0.034985602
-0.034985602,-0.034985602
-0.034985602,-0.034985602
-0.034985602,-0.034985602
-0.034985602,-0.034985602
-0.034985602,-0.034985602
-0.034985602,-0.034985602
-0.034985602,-0.034985602
-0.034985602,-0.034985602
-0.034985602,-0.034985602
-0.034985602,-0.034985602
-0.034985602,-0.034985602
-0.034985602,-0.034985602
-0.034985602,-0.034985602
-0.034985602,-0.034985602
-0.034985602,-0.034985602
-0.034985602,-0.034985602
-0.034985602,-0.034985602
-0.034985602,-0.034985602
-0.034985602,-0.034985602
-0.034985602,-0.034985602
-0.034985602,-0.034985602
-0.034985602,-0.034985602
-0.034985602,-0.034985602
-0.034985602,-0.034985602
-0.034985602,-0.034985602
-0.034985602,-0.034985602
-0.034985602,-0.034985602
-0.034985602,-0.034985602
-0.034985602,-0.034985602
-0.034985602,-0.034985602
-0.034985602,-0.034985602
-0.034985602,-0.034985602
-0.034985602,-0.034985602
-0.034985602,-0.034985602
-0.034985602,-0.034985602
-0.034985602,-0.034985602
-0.034985602,-0.034985602
-0.034985602,-0.034985602
-0.034985602,-0.034985602
-0.034985602,-0.034985602
-0.034985602,-0.034985602
-0.034985602,-0.034985602
-0.034985602,-0.034985602
-0.034985602,-0.034985602
-0.034985602,-0.034985602
-0.034985602,-0.034985602
-0.034985602,-0.034985602
-0.034985602,-0.034985602
-0.034985602,-0.034985602
-0.034985602,-0.034985602
-0.034985602,-0.034985602
-0.034985602,-0.034985602
-0.034985602,-0.034985602
-0.034985602,-0.034985602
-0.034985602,-0.034985602
-0.034985602,-0.034985602
-0.034985602,-0.034985602
-0.034985602,-0.034985602
-0.034985602,-0.034985602
-0.034985602,-0.034985602
-0.034985602,-0.034985602
-0.034985602,-0.034985602
-0.034985602,-0.034985602
-0.034985602,-0.034985602
-0.034985602,-0.034985602
-0.034985602,-0.034985602
-0.034985602,-0.034985602
-0.034985602,-0.034985602
-0.034985602,-0.034985602
-0.034985602,-0.034985602
-0.034985602,-0.034985602
-0.034985602,-0.034985602
-0.034985602,-0.034985602
-0.034985602,-0.034985602
-0.034985602,-0.034985602
-0.034985602,-0.034985602
-0.034985602,-0.034985602
-0.034985602,-0.034985602
-0.034985602,-0.034985602
-0.034985602,-0.034985602
-0.034985602,-0.034985602
-0.034985602,-0.034985602
-0.034985602,-0.034985602
-0.034985602,-0.034985602
-0.034985602,-0.034985602
-0.034985602,-0.034985602
-0.034985602,-0.034985602
-0.034985602,-0.034985602
-0.034985602,-0.034985602
-0.034985602,-0.034985602
-0.034985602,-0.034985602
-0.034985602,-0.034985602
-0.034985602,-0.034985602
-0.034985602,-0.034985602
-0.034985602,-0.034985602
-0.034985602,-0.034985602
-0.034985602,-0.034985602
-0.034985602,-0.034985602
-0.034985602,-0.034985602
-0.034985602,-0.034985602
-0.034985602,-0.034985602
-0.034985602,-0.034985602
-0.034985602,-0.034985602
-0.034985602,-0.034985602
-0.034985602,-0.034985602
-0.034985602,-0.034985602
-0.034985602,-0.034985602
-0.034985602,-0.034985602
-0.034985602,-0.034985602
-0.034985602,-0.034985602
-0.034985602,-0.034985602
-0.034985602,-0.034985602
-0.034985602,-0.034985602
-0.034985602,-0.034985602
-0.034985602,-0.034985602
-0.034985602,-0.034985602
-0.034985602,-0.034985602
-0.034985602,-0.034985602
-0.034985602,-0.034985602
-0.034985602,-0.034985602
-0.034985602,-0.034985602
-0.034985602,-0.034985602
-0.034985602,-0.034985602
-0.034985602,-0.034985602
-0.034985602,-0.034985602
-0.034985602,-0.034985602
-0.034985602,-0.034985602
-0.034985602,-0.034985602
-0.034985602,-0.034985602
-0.034985602,-0.034985602
-0.034985602,-0.034985602
-0.034985602,-0.034985602
-0.034985602,-0.034985602
-0.034985602,-0.034985602
-0.034985602,-0.034985602
-0.034985602,-0.034985602
-0.034985602,-0.034985602
-0.034985602,-0.034985602
-0.034985602,-0.034985602
-0.034985602,-0.034985602
-0.034985602,-0.034985602
-0.034985602,-0.034985602
-0.034985602,-0.034985602
-0.034985602,-0.034985602
-0.034985602,-0.034985602
-0.034985602,-0.034985602
-0.034985602,-0.034985602
-0.034985602,-0.034985602
-0.034985602,-0.034985602
-0.034985602,-0.034985602
-0.034985602,-0.034985602
-0.034985602,-0.034985602
-0.034985602,-0.034985602
-0.034985602,-0.034985602
-0.034985602,-0.034985602
-0.034985602,-0.034985602
-0.034985602,-0.034985602
-0.034985602,-0.034985602
-0.034985602,-0.034985602
-0.034985602,-0.034985602
-0.034985602,-0.034985602
-0.034985602,-0.034985602
-0.034985602,-0.034985602
-0.034985602,-0.034985602
-0.034985602,-0.034985602
-0.034985602,-0.034985602
-0.034985602,-0.034985602
-0.034985602,-0.034985602
-0.034985602,-0.034985602
-0.034985602,-0.034985602
-0.034985602,-0.034985602
-0.034985602,-0.034985602
-0.034985602,-0.034985602
-0.034985602,-0.034985602
-0.034985602,-0.034985602
-0.034985602,-0.034985602
-0.034985602,-0.034985602
-0.034985602,-0.034985602
-0.034985602,-0.034985602
-0.034985602,-0.034985602
-0.034985602,-0.034985602
-0.034985602,-0.034985602
-0.034985602,-0.034985602
-0.034985602,-0.034985602
-0.034985602,-0.034985602
-0.034985602,-0.034985602
-0.034985602,-0.034985602
-0.034985602,-0.034985602
-0.034985602,-0.034985602
-0.034985602,-0.034985602
-0.034985602,-0.034985602
-0.034985602,-0.034985602
-0.034985602,-0.034985602
-0.034985602,-0.034985602
-0.034985602,-0.034985602
-0.034985602,-0.034985602
-0.034985602,-0.034985602
-0.034985602,-0.034985602
-0.034985602,-0.034985602
-0.034985602,-0.034985602
-0.034985602,-0.034985602
-0.034985602,-0.034985602
-0.034985602,-0.034985602
-0.034985602,-0.034985602
-0.034985602,-0.034985602
-0.034985602,-0.034985602
-0.034985602,-0.034985602
-0.034985602,-0.034985602
-0.034985602,-0.034985602
-0.034985602,-0.034985602
-0.034985602,-0.034985602
-0.034985602,-0.034985602
-0.034985602,-0.034985602
-0.034985602,-0.034985602
-0.034985602,-0.034985602
-0.034985602,-0.034985602
-0.034985602,-0.034985602
-0.034985602,-0.034985602
-0.034985602,-0.034985602
-0.034985602,-0.034985602
-0.034985602,-0.034985602
-0.034985602,-0.034985602
-0.034985602,-0.034985602
-0.034985602,-0.034985602
-0.034985602,-0.034985602
-0.034985602,-0.034985602
-0.034985602,-0.034985602
-0.034985602,-0.034985602
-0.034985602,-0.034985602
-0.034985602,-0.034985602
-0.034985602,-0.034985602
-0.034985602,-0.034985602
-0.034985602,-0.034985602
-0.034985602,-0.034985602
-0.034985602,-0.034985602
-0.034985602,-0.034985602
-0.034985602,-0.034985602
-0.034985602,-0.034985602
-0.034985602,-0.034985602
-0.034985602,-0.034985602
-0.034985602,-0.034985602
-0.034985602,-0.034985602
-0.034985602,-0.034985602
-0.034985602,-0.034985602
-0.034985602,-0.034985602
-0.034985602,-0.034985602
-0.034985602,-0.034985602
-0.034985602,-0.034985602
-0.034985602,-0.034985602
-0.034985602,-0.034985602
-0.034985602,-0.034985602
-0.034985602,-0.034985602
-0.034985602,-0.034985602
-0.034985602,-0.034985602
-0.034985602,-0.034985602
-0.034985602,-0.034985602
-0.034985602,-0.034985602
-0.034985602,-0.034985602
-0.034985602,-0.034985602
-0.034985602,-0.034985602
-0.034985602,-0.034985602
-0.034985602,-0.034985602
-0.034985602,-0.034985602
-0.034985602,-0.034985602
-0.034985602,-0.034985602
-0.034985602,-0.034985602
-0.034985602,-0.034985602
-0.034985602,-0.034985602
-0.034985602,-0.034985602
-0.034985602,-0.034985602
-0.034985602,-0.034985602
-0.034985602,-0.034985602
-0.034985602,-0.034985602
-0.034985602,-0.034985602
-0.034985602,-0.034985602
-0.034985602,-0.034985602
-0.034985602,-0.034985602
-0.034985602,-0.034985602
-0.034985602,-0.034985602
-0.034985602,-0.034985602
-0.034985602,-0.034985602
-0.034985602,-0.034985602
-0.034985602,-0.034985602
-0.034985602,-0.034985602
-0.034985602,-0.034985602
-0.034985602,-0.034985602
-0.034985602,-0.034985602
-0.034985602,-0.034985602
-0.034985602,-0.034985602
-0.034985602,-0.034985602
-0.034985602,-0.034985602
-0.034985602,-0.034985602
-0.034985602,-0.034985602
-0.034985602,-0.034985602
-0.034985602,-0.034985602
-0.034985602,-0.034985602
-0.034985602,-0.034985602
-0.034985602,-0.034985602
-0.034985602,-0.034985602
-0.034985602,-0.034985602
-0.034985602,-0.034985602
-0.034985602,-0.034985602
-0.034985602,-0.034985602
-0.034985602,-0.034985602
-0.034985602,-0.034985602
-0.034985602,-0.034985602
-0.034985602,-0.034985602
-0.034985602,-0.034985602
-0.034985602,-0.034985602
-0.034985602,-0.034985602
-0.034985602,-0.034985602
-0.034985602,-0.034985602
-0.034985602,-0.034985602
-0.034985602,-0.034985602
-0.034985602,-0.034985602
-0.034985602,-0.034985602
-0.034985602,-0.034985602
-0.034985602,-0.034985602
-0.034985602,-0.034985602
-0.034985602,-0.034985602
-0.034985602,-0.034985602
-0.034985602,-0.034985602
-0.034985602,-0.034985602
-0.034985602,-0.034985602
-0.034985602,-0.034985602
-0.034985602,-0.034985602
-0.034985602,-0.034985602
-0.034985602,-0.034985602
-0.034985602,-0.034985602
-0.034985602,-0.034985602
-0.034985602,-0.034985602
-0.034985602,-0.034985602
-0.034985602,-0.034985602
-0.034985602,-0.034985602
-0.034985602,-0.034985602
-0.034985602,-0.034985602
-0.034985602,-0.034985602
-0.034985602,-0.034985602
-0.034985602,-0.034985602
-0.034985602,-0.034985602
-0.034985602,-0.034985602
-0.034985602,-0.034985602
-0.034985602,-0.034985602
-0.034985602,-0.034985602
-0.034985602,-0.034985602
-0.034985602,-0.034985602
-0.034985602,-0.034985602
-0.034985602,-0.034985602
-0.034985602,-0.034985602
-0.034985602,-0.034985602
-0.034985602,-0.034985602
-0.034985602,-0.034985602
-0.034985602,-0.034985602
-0.034985602,-0.034985602
-0.034985602,-0.034985602
-0.034985602,-0.034985602
-0.034985602,-0.034985602
-0.034985602,-0.034985602
-0.034985602,-0.034985602
-0.034985602,-0.034985602
-0.034985602,-0.034985602
-0.034985602,-0.034985602
-0.034985602,-0.034985602
-0.034985602,-0.034985602
-0.034985602,-0.034985602
-0.034985602,-0.034985602
-0.034985602,-0.034985602
-0.034985602,-0.034985602
-0.034985602,-0.034985602
-0.034985602,-0.034985602
-0.034985602,-0.034985602
-0.034985602,-0.034985602
-0.034985602,-0.034985602
-0.034985602,-0.034985602
-0.034985602,-0.034985602
-0.034985602,-0.034985602
-0.034985602,-0.034985602
-0.034985602,-0.034985602
-0.034985602,-0.034985602
-0.034985602,-0.034985602
-0.034985602,-0.034985602
-0.034985602,-0.034985602
-0.034985602,-0.034985602
-0.034985602,-0.034985602
-0.034985602,-0.034985602
-0.034985602,-0.034985602
-0.034985602,-0.034985602
-0.034985602,-0.034985602
-0.034985602,-0.034985602
-0.034985602,-0.034985602
-0.034985602,-0.034985602
-0.034985602,-0.034985602
-0.034985602,-0.034985602
-0.034985602,-0.034985602
-0.034985602,-0.034985602
-0.034985602,-0.034985602
-0.034985602,-0.034985602
-0.034985602,-0.034985602
-0.034985602,-0.034985602
-0.034985602,-0.034985602
-0.034985602,-0.034985602
-0.034985602,-0.034985602
-0.034985602,-0.034985602
-0.034985602,-0.034985602
-0.034985602,-0.034985602
-0.034985602,-0.034985602
-0.034985602,-0.034985602
-0.034985602,-0.034985602
-0.034985602,-0.034985602
-0.034985602,-0.034985602
-0.034985602,-0.034985602
-0.034985602,-0.034985602
-0.034985602,-0.034985602
-0.034985602,-0.034985602
-0.034985602,-0.034985602
-0.034985602,-0.034985602
-0.034985602,-0.034985602
-0.034985602,-0.034985602
-0.034985602,-0.034985602
-0.034985602,-0.034985602
-0.034985602,-0.034985602
-0.034985602,-0.034985602
-0.034985602,-0.034985602
-0.034985602,-0.034985602
-0.034985602,-0.034985602
-0.034985602,-0.034985602
-0.034985602,-0.034985602
-0.034985602,-0.034985602
-0.034985602,-0.034985602
-0.034985602,-0.034985602
-0.034985602,-0.034985602
-0.034985602,-0.034985602
-0.034985602,-0.034985602
-0.034985602,-0.034985602
-0.034985602,-0.034985602
-0.034985602,-0.034985602
-0.034985602,-0.034985602
-0.034985602,-0.034985602
-0.034985602,-0.034985602
-0.034985602,-0.034985602
-0.034985602,-0.034985602
-0.034985602,-0.034985602
-0.034985602,-0.034985602
-0.034985602,-0.034985602
-0.034985602,-0.034985602
-0.034985602,-0.034985602
-0.034985602,-0.034985602
-0.034985602,-0.034985602
-0.034985602,-0.034985602
-0.034985602,-0.034985602
-0.034985602,-0.034985602
-0.034985602,-0.034985602
-0.034985602,-0.034985602
-0.034985602,-0.034985602
-0.034985602,-0.034985602
-0.034985602,-0.034985602
-0.034985602,-0.034985602
-0.034985602,-0.034985602
-0.034985602,-0.034985602
-0.034985602,-0.034985602
-0.034985602,-0.034985602
-0.034985602,-0.034985602
-0.034985602,-0.034985602
-0.034985602,-0.034985602
-0.034985602,-0.034985602
-0.034985602,-0.034985602
-0.034985602,-0.034985602
-0.034985602,-0.034985602
-0.034985602,-0.034985602
-0.034985602,-0.034985602
-0.034985602,-0.034985602
-0.034985602,-0.034985602
-0.034985602,-0.034985602
-0.034985602,-0.034985602
-0.034985602,-0.034985602
-0.034985602,-0.034985602
-0.034985602,-0.034985602
-0.034985602,-0.034985602
-0.034985602,-0.034985602
-0.034985602,-0.034985602
-0.034985602,-0.034985602
-0.034985602,-0.034985602
-0.034985602,-0.034985602
-0.034985602,-0.034985602
-0.034985602,-0.034985602
-0.034985602,-0.034985602
-0.034985602,-0.034985602
-0.034985602,-0.034985602
-0.034985602,-0.034985602
-0.034985602,-0.034985602
-0.034985602,-0.034985602
-0.034985602,-0.034985602
-0.034985602,-0.034985602
-0.034985602,-0.034985602
-0.034985602,-0.034985602
-0.034985602,-0.034985602
-0.034985602,-0.034985602
-0.034985602,-0.034985602
-0.034985602,-0.034985602
-0.034985602,-0.034985602
-0.034985602,-0.034985602
-0.034985602,-0.034985602
-0.034985602,-0.034985602
-0.034985602,-0.034985602
-0.034985602,-0.034985602
-0.034985602,-0.034985602
-0.034985602,-0.034985602
-0.034985602,-0.034985602
-0.034985602,-0.034985602
-0.034985602,-0.034985602
-0.034985602,-0.034985602
-0.034985602,-0.034985602
-0.034985602,-0.034985602
-0.034985602,-0.034985602
-0.034985602,-0.034985602
-0.034985602,-0.034985602
-0.034985602,-0.034985602
-0.034985602,-0.034985602
-0.034985602,-0.034985602
-0.034985602,-0.034985602
-0.034985602,-0.034985602
-0.034985602,-0.034985602
-0.034985602,-0.034985602
-0.034985602,-0.034985602
-0.034985602,-0.034985602
-0.034985602,-0.034985602
-0.034985602,-0.034985602
-0.034985602,-0.034985602
-0.034985602,-0.034985602
-0.034985602,-0.034985602
-0.034985602,-0.034985602
-0.034985602,-0.034985602
-0.034985602,-0.034985602
-0.034985602,-0.034985602
-0.034985602,-0.034985602
-0.034985602,-0.034985602
-0.034985602,-0.034985602
-0.034985602,-0.034985602
-0.034985602,-0.034985602
-0.034985602,-0.034985602
-0.034985602,-0.034985602
-0.034985602,-0.034985602
-0.034985602,-0.034985602
-0.034985602,-0.034985602
-0.034985602,-0.034985602
-0.034985602,-0.034985602
-0.034985602,-0.034985602
-0.034985602,-0.034985602
-0.034985602,-0.034985602
-0.034985602,-0.034985602
-0.034985602,-0.034985602
-0.034985602,-0.034985602
-0.034985602,-0.034985602
-0.034985602,-0.034985602
-0.034985602,-0.034985602
-0.034985602,-0.034985602
-0.034985602,-0.034985602
-0.034985602,-0.034985602
-0.034985602,-0.034985602
-0.034985602,-0.034985602
-0.034985602,-0.034985602
-0.034985602,-0.034985602
-0.034985602,-0.034985602
-0.034985602,-0.034985602
-0.034985602,-0.034985602
-0.034985602,-0.034985602
-0.034985602,-0.034985602
-0.034985602,-0.034985602
-0.034985602,-0.034985602
-0.034985602,-0.034985602
-0.034985602,-0.034985602
-0.034985602,-0.034985602
-0.034985602,-0.034985602
-0.034985602,-0.034985602
-0.034985602,-0.034985602
-0.034985602,-0.034985602
-0.034985602,-0.034985602
-0.034985602,-0.034985602
-0.034985602,-0.034985602
-0.034985602,-0.034985602
-0.034985602,-0.034985602
-0.034985602,-0.034985602
-0.034985602,-0.034985602
-0.034985602,-0.034985602
-0.034985602,-0.034985602
-0.034985602,-0.034985602
-0.034985602,-0.034985602
-0.034985602,-0.034985602
-0.034985602,-0.034985602
-0.034985602,-0.034985602
-0.034985602,-0.034985602
-0.034985602,-0.034985602
-0.034985602,-0.034985602
-0.034985602,-0.034985602
-0.034985602,-0.034985602
-0.034985602,-0.034985602
-0.034985602,-0.034985602
-0.034985602,-0.034985602
-0.034985602,-0.034985602
-0.034985602,-0.034985602
-0.034985602,-0.034985602
-0.034985602,-0.034985602
-0.034985602,-0.034985602
-0.034985602,-0.034985602
-0.034985602,-0.034985602
-0.034985602,-0.034985602
-0.034985602,-0.034985602
-0.034985602,-0.034985602
-0.034985602,-0.034985602
-0.034985602,-0.034985602
-0.034985602,-0.034985602
-0.034985602,-0.034985602
-0.034985602,-0.034985602
-0.034985602,-0.034985602
-0.034985602,-0.034985602
-0.034985602,-0.034985602
-0.034985602,-0.034985602
-0.034985602,-0.034985602
-0.034985602,-0.034985602
-0.034985602,-0.034985602
-0.034985602,-0.034985602
-0.034985602,-0.034985602
-0.034985602,-0.034985602
-0.034985602,-0.034985602
-0.034985602,-0.034985602
-0.034985602,-0.034985602
-0.034985602,-0.034985602
-0.034985602,-0.034985602
-0.034985602,-0.034985602
-0.034985602,-0.034985602
-0.034985602,-0.034985602
-0.034985602,-0.034985602
-0.034985602,-0.034985602
-0.034985602,-0.034985602
-0.034985602,-0.034985602
-0.034985602,-0.034985602
-0.034985602,-0.034985602
-0.034985602,-0.034985602
-0.034985602,-0.034985602
-0.034985602,-0.034985602
-0.034985602,-0.034985602
-0.034985602,-0.034985602
-0.034985602,-0.034985602
-0.034985602,-0.034985602
-0.034985602,-0.034985602
-0.034985602,-0.034985602
-0.034985602,-0.034985602
-0.034985602,-0.034985602
-0.034985602,-0.034985602
-0.034985602,-0.034985602
-0.034985602,-0.034985602
-0.034985602,-0.034985602
-0.034985602,-0.034985602
-0.034985602,-0.034985602
-0.034985602,-0.034985602
-0.034985602,-0.034985602
-0.034985602,-0.034985602
-0.034985602,-0.034985602
-0.034985602,-0.034985602
-0.034985602,-0.034985602
-0.034985602,-0.034985602
-0.034985602,-0.034985602
-0.034985602,-0.034985602
-0.034985602,-0.034985602
-0.034985602,-0.034985602
-0.034985602,-0.034985602
-0.034985602,-0.034985602
-0.034985602,-0.034985602
-0.034985602,-0.034985602
-0.034985602,-0.034985602
-0.034985602,-0.034985602
-0.034985602,-0.034985602
-0.034985602,-0.034985602
-0.034985602,-0.034985602
-0.034985602,-0.034985602
-0.034985602,-0.034985602
-0.034985602,-0.034985602
-0.034985602,-0.034985602
-0.034985602,-0.034985602
-0.034985602,-0.034985602
-0.034985602,-0.034985602
-0.034985602,-0.034985602
-0.034985602,-0.034985602
-0.034985602,-0.034985602
-0.034985602,-0.034985602
-0.034985602,-0.034985602
-0.034985602,-0.034985602
-0.034985602,-0.034985602
-0.034985602,-0.034985602
-0.034985602,-0.034985602
-0.034985602,-0.034985602
-0.034985602,-0.034985602
-0.034985602,-0.034985602
-0.034985602,-0.034985602
-0.034985602,-0.034985602
-0.034985602,-0.034985602
-0.034985602,-0.034985602
-0.034985602,-0.034985602
-0.034985602,-0.034985602
-0.034985602,-0.034985602
-0.034985602,-0.034985602
-0.034985602,-0.034985602
-0.034985602,-0.034985602
-0.034985602,-0.034985602
-0.034985602,-0.034985602
-0.034985602,-0.034985602
-0.034985602,-0.034985602
-0.034985602,-0.034985602
-0.034985602,-0.034985602
-0.034985602,-0.034985602
-0.034985602,-0.034985602
-0.034985602,-0.034985602
-0.034985602,-0.034985602
-0.034985602,-0.034985602
-0.034985602,-0.034985602
-0.034985602,-0.034985602
-0.034985602,-0.034985602
-0.034985602,-0.034985602
-0.034985602,-0.034985602
-0.034985602,-0.034985602
-0.034985602,-0.034985602
-0.034985602,-0.034985602
-0.034985602,-0.034985602
-0.034985602,-0.034985602
-0.034985602,-0.034985602
-0.034985602,-0.034985602
-0.034985602,-0.034985602
-0.034985602,-0.034985602
-0.034985602,-0.034985602
-0.034985602,-0.034985602
-0.034985602,-0.034985602
-0.034985602,-0.034985602
-0.034985602,-0.034985602
-0.034985602,-0.034985602
-0.034985602,-0.034985602
-0.034985602,-0.034985602
-0.034985602,-0.034985602
-0.034985602,-0.034985602
-0.034985602,-0.034985602
-0.034985602,-0.034985602
-0.034985602,-0.034985602
-0.034985602,-0.034985602
-0.034985602,-0.034985602
-0.034985602,-0.034985602
-0.034985602,-0.034985602
-0.034985602,-0.034985602
-0.034985602,-0.034985602
-0.034985602,-0.034985602
-0.034985602,-0.034985602
-0.034985602,-0.034985602
-0.034985602,-0.034985602
-0.034985602,-0.034985602
-0.034985602,-0.034985602
-0.034985602,-0.034985602
-0.034985602,-0.034985602
-0.034985602,-0.034985602
-0.034985602,-0.034985602
-0.034985602,-0.034985602
-0.034985602,-0.034985602
-0.034985602,-0.034985602
-0.034985602,-0.034985602
-0.034985602,-0.034985602
-0.034985602,-0.034985602
-0.034985602,-0.034985602
-0.034985602,-0.034985602
-0.034985602,-0.034985602
-0.034985602,-0.034985602
-0.034985602,-0.034985602
-0.034985602,-0.034985602
-0.034985602,-0.034985602
-0.034985602,-0.034985602
-0.034985602,-0.034985602
-0.034985602,-0.034985602
-0.034985602,-0.034985602
-0.034985602,-0.034985602
-0.034985602,-0.034985602
-0.034985602,-0.034985602
-0.034985602,-0.034985602
-0.034985602,-0.034985602
-0.034985602,-0.034985602
-0.034985602,-0.034985602
-0.034985602,-0.034985602
-0.034985602,-0.034985602
-0.034985602,-0.034985602
-0.034985602,-0.034985602
-0.034985602,-0.034985602
-0.034985602,-0.034985602
-0.034985602,-0.034985602
-0.034985602,-0.034985602
-0.034985602,-0.034985602
-0.034985602,-0.034985602
-0.034985602,-0.034985602
-0.034985602,-0.034985602
-0.034985602,-0.034985602
-0.034985602,-0.034985602
-0.034985602,-0.034985602
-0.034985602,-0.034985602
-0.034985602,-0.034985602
-0.034985602,-0.034985602
-0.034985602,-0.034985602
-0.034985602,-0.034985602
-0.034985602,-0.034985602
-0.034985602,-0.034985602
-0.034985602,-0.034985602
-0.034985602,-0.034985602
-0.034985602,-0.034985602
-0.034985602,-0.034985602
-0.034985602,-0.034985602
-0.034985602,-0.034985602
-0.034985602,-0.034985602
-0.034985602,-0.034985602
-0.034985602,-0.034985602
-0.034985602,-0.034985602
-0.034985602,-0.034985602
-0.034985602,-0.034985602
-0.034985602,-0.034985602
-0.034985602,-0.034985602
-0.034985602,-0.034985602
-0.034985602,-0.034985602
-0.034985602,-0.034985602
-0.034985602,-0.034985602
-0.034985602,-0.034985602
-0.034985602,-0.034985602
-0.034985602,-0.034985602
-0.034985602,-0.034985602
-0.034985602,-0.034985602
-0.034985602,-0.034985602
-0.034985602,-0.034985602
-0.034985602,-0.034985602
-0.034985602,-0.034985602
-0.034985602,-0.034985602
-0.034985602,-0.034985602
-0.034985602,-0.034985602
-0.034985602,-0.034985602
-0.034985602,-0.034985602
-0.034985602,-0.034985602
-0.034985602,-0.034985602
-0.034985602,-0.034985602
-0.034985602,-0.034985602
-0.034985602,-0.034985602
-0.034985602,-0.034985602
-0.034985602,-0.034985602
-0.034985602,-0.034985602
-0.034985602,-0.034985602
-0.034985602,-0.034985602
-0.034985602,-0.034985602
-0.034985602,-0.034985602
-0.034985602,-0.034985602
-0.034985602,-0.034985602
-0.034985602,-0.034985602
-0.034985602,-0.034985602
-0.034985602,-0.034985602
-0.034985602,-0.034985602
-0.034985602,-0.034985602
-0.034985602,-0.034985602
-0.034985602,-0.034985602
-0.034985602,-0.034985602
-0.034985602,-0.034985602
-0.034985602,-0.034985602
-0.034985602,-0.034985602
-0.034985602,-0.034985602
-0.034985602,-0.034985602
-0.034985602,-0.034985602
-0.034985602,-0.034985602
-0.034985602,-0.034985602
-0.034985602,-0.034985602
-0.034985602,-0.034985602
-0.034985602,-0.034985602
-0.034985602,-0.034985602
-0.034985602,-0.034985602
-0.034985602,-0.034985602
-0.034985602,-0.034985602
-0.034985602,-0.034985602
-0.006865382,-0.006865382
-0.006865382,-0.006865382
-0.006865382,-0.006865382
-0.006865382,-0.006865382
-0.006865382,-0.006865382
-0.034985602,-0.034985602
-0.034985602,-0.034985602
-0.034985602,-0.034985602
-0.034985602,-0.034985602
-0.034985602,-0.034985602
-0.034985602,-0.034985602
-0.034985602,-0.034985602
-0.034985602,-0.034985602
-0.034985602,-0.034985602
-0.034985602,-0.034985602
-0.034985602,-0.034985602
-0.034985602,-0.034985602
-0.034985602,-0.034985602
-0.034985602,-0.034985602
-0.034985602,-0.034985602
-0.034985602,-0.034985602
-0.034985602,-0.034985602
-0.034985602,-0.034985602
-0.034985602,-0.034985602
-0.034985602,-0.034985602
-0.034985602,-0.034985602
-0.034985602,-0.034985602
-0.034985602,-0.034985602
-0.034985602,-0.034985602
-0.034985602,-0.034985602
-0.034985602,-0.034985602
-0.034985602,-0.034985602
-0.034985602,-0.034985602
-0.034985602,-0.034985602
-0.034985602,-0.034985602
-0.034985602,-0.034985602
-0.034985602,-0.034985602
-0.034985602,-0.034985602
-0.034985602,-0.034985602
-0.034985602,-0.034985602
-0.034985602,-0.034985602
-0.034985602,-0.034985602
-0.034985602,-0.034985602
-0.034985602,-0.034985602
-0.034985602,-0.034985602
-0.034985602,-0.034985602
-0.034985602,-0.034985602
-0.034985602,-0.034985602
-0.034985602,-0.034985602
-0.034985602,-0.034985602
-0.034985602,-0.034985602
-0.034985602,-0.034985602
-0.034985602,-0.034985602
-0.034985602,-0.034985602
-0.034985602,-0.034985602
-0.034985602,-0.034985602
-0.034985602,-0.034985602
-0.034985602,-0.034985602
-0.034985602,-0.034985602
-0.034985602,-0.034985602
-0.034985602,-0.034985602
-0.034985602,-0.034985602
-0.034985602,-0.034985602
-0.034985602,-0.034985602
-0.034985602,-0.034985602
-0.034985602,-0.034985602
-0.034985602,-0.034985602
-0.034985602,-0.034985602
-0.034985602,-0.034985602
-0.034985602,-0.034985602
-0.034985602,-0.034985602
-0.034985602,-0.034985602
-0.034985602,-0.034985602
-0.034985602,-0.034985602
-0.034985602,-0.034985602
-0.034985602,-0.034985602
-0.034985602,-0.034985602
-0.034985602,-0.034985602
-0.034985602,-0.034985602
-0.034985602,-0.034985602
-0.034985602,-0.034985602
-0.034985602,-0.034985602
-0.034985602,-0.034985602
-0.034985602,-0.034985602
-0.034985602,-0.034985602
-0.034985602,-0.034985602
-0.034985602,-0.034985602
-0.034985602,-0.034985602
-0.034985602,-0.034985602
-0.034985602,-0.034985602
-0.034985602,-0.034985602
-0.034985602,-0.034985602
-0.034985602,-0.034985602
-0.034985602,-0.034985602
-0.034985602,-0.034985602
-0.034985602,-0.034985602
-0.034985602,-0.034985602
-0.034985602,-0.034985602
-0.034985602,-0.034985602
-0.034985602,-0.034985602
-0.034985602,-0.034985602
-0.034985602,-0.034985602
-0.034985602,-0.034985602
-0.034985602,-0.034985602
-0.034985602,-0.034985602
-0.034985602,-0.034985602
-0.034985602,-0.034985602
-0.034985602,-0.034985602
-0.034985602,-0.034985602
-0.034985602,-0.034985602
-0.034985602,-0.034985602
-0.034985602,-0.034985602
-0.034985602,-0.034985602
-0.034985602,-0.034985602
-0.034985602,-0.034985602
-0.034985602,-0.034985602
-0.034985602,-0.034985602
-0.034985602,-0.034985602
-0.034985602,-0.034985602
-0.034985602,-0.034985602
-0.034985602,-0.034985602
-0.034985602,-0.034985602
-0.034985602,-0.034985602
-0.034985602,-0.034985602
-0.034985602,-0.034985602
-0.034985602,-0.034985602
-0.034985602,-0.034985602
-0.034985602,-0.034985602
-0.034985602,-0.034985602
-0.034985602,-0.034985602
-0.034985602,-0.034985602
-0.034985602,-0.034985602
-0.034985602,-0.034985602
-0.034985602,-0.034985602
-0.034985602,-0.034985602
-0.034985602,-0.034985602
-0.034985602,-0.034985602
-0.034985602,-0.034985602
-0.034985602,-0.034985602
-0.034985602,-0.034985602
-0.034985602,-0.034985602
-0.034985602,-0.034985602
-0.034985602,-0.034985602
-0.034985602,-0.034985602
-0.034985602,-0.034985602
-0.034985602,-0.034985602
-0.034985602,-0.034985602
-0.034985602,-0.034985602
-0.034985602,-0.034985602
-0.034985602,-0.034985602
-0.034985602,-0.034985602
-0.034985602,-0.034985602
-0.034985602,-0.034985602
-0.034985602,-0.034985602
-0.034985602,-0.034985602
-0.034985602,-0.034985602
-0.034985602,-0.034985602
-0.034985602,-0.034985602
-0.034985602,-0.034985602
-0.034985602,-0.034985602
-0.034985602,-0.034985602
-0.034985602,-0.034985602
-0.034985602,-0.034985602
-0.034985602,-0.034985602
-0.034985602,-0.034985602
-0.034985602,-0.034985602
-0.034985602,-0.034985602
-0.034985602,-0.034985602
-0.034985602,-0.034985602
-0.034985602,-0.034985602
-0.034985602,-0.034985602
-0.034985602,-0.034985602
-0.034985602,-0.034985602
-0.034985602,-0.034985602
-0.034985602,-0.034985602
-0.034985602,-0.034985602
-0.034985602,-0.034985602
-0.034985602,-0.034985602
-0.034985602,-0.034985602
-0.034985602,-0.034985602
-0.034985602,-0.034985602
-0.034985602,-0.034985602
-0.034985602,-0.034985602
-0.034985602,-0.034985602
-0.034985602,-0.034985602
-0.034985602,-0.034985602
-0.034985602,-0.034985602
-0.034985602,-0.034985602
-0.034985602,-0.034985602
-0.034985602,-0.034985602
-0.034985602,-0.034985602
-0.034985602,-0.034985602
-0.034985602,-0.034985602
-0.034985602,-0.034985602
-0.034985602,-0.034985602
-0.034985602,-0.034985602
-0.034985602,-0.034985602
-0.034985602,-0.034985602
-0.034985602,-0.034985602
-0.034985602,-0.034985602
-0.034985602,-0.034985602
-0.034985602,-0.034985602
-0.034985602,-0.034985602
-0.034985602,-0.034985602
-0.034985602,-0.034985602
-0.034985602,-0.034985602
-0.034985602,-0.034985602
-0.034985602,-0.034985602
-0.034985602,-0.034985602
-0.034985602,-0.034985602
-0.034985602,-0.034985602
-0.034985602,-0.034985602
-0.034985602,-0.034985602
-0.034985602,-0.034985602
-0.034985602,-0.034985602
-0.034985602,-0.034985602
-0.034985602,-0.034985602
-0.034985602,-0.034985602
-0.034985602,-0.034985602
-0.034985602,-0.034985602
-0.034985602,-0.034985602
-0.034985602,-0.034985602
-0.034985602,-0.034985602
-0.034985602,-0.034985602
-0.034985602,-0.034985602
-0.034985602,-0.034985602
-0.034985602,-0.034985602
-0.034985602,-0.034985602
-0.034985602,-0.034985602
-0.034985602,-0.034985602
-0.034985602,-0.034985602
-0.034985602,-0.034985602
-0.034985602,-0.034985602
-0.034985602,-0.034985602
-0.034985602,-0.034985602
-0.034985602,-0.034985602
-0.034985602,-0.034985602
-0.034985602,-0.034985602
-0.034985602,-0.034985602
-0.034985602,-0.034985602
-0.034985602,-0.034985602
-0.034985602,-0.034985602
-0.034985602,-0.034985602
-0.034985602,-0.034985602
-0.034985602,-0.034985602
-0.034985602,-0.034985602
-0.034985602,-0.034985602
-0.034985602,-0.034985602
-0.034985602,-0.034985602
-0.034985602,-0.034985602
-0.034985602,-0.034985602
-0.034985602,-0.034985602
-0.034985602,-0.034985602
-0.034985602,-0.034985602
-0.034985602,-0.034985602
-0.034985602,-0.034985602
-0.034985602,-0.034985602
-0.034985602,-0.034985602
-0.034985602,-0.034985602
-0.034985602,-0.034985602
-0.034985602,-0.034985602
-0.034985602,-0.034985602
-0.034985602,-0.034985602
-0.034985602,-0.034985602
-0.034985602,-0.034985602
-0.034985602,-0.034985602
-0.034985602,-0.034985602
-0.034985602,-0.034985602
-0.034985602,-0.034985602
-0.034985602,-0.034985602
-0.034985602,-0.034985602
-0.034985602,-0.034985602
-0.034985602,-0.034985602
-0.034985602,-0.034985602
-0.034985602,-0.034985602
-0.034985602,-0.034985602
-0.034985602,-0.034985602
-0.034985602,-0.034985602
-0.034985602,-0.034985602
-0.034985602,-0.034985602
-0.034985602,-0.034985602
-0.034985602,-0.034985602
-0.034985602,-0.034985602
-0.034985602,-0.034985602
-0.034985602,-0.034985602
-0.034985602,-0.034985602
-0.034985602,-0.034985602
-0.034985602,-0.034985602
-0.034985602,-0.034985602
-0.034985602,-0.034985602
-0.034985602,-0.034985602
-0.034985602,-0.034985602
-0.034985602,-0.034985602
-0.034985602,-0.034985602
-0.034985602,-0.034985602
-0.034985602,-0.034985602
-0.034985602,-0.034985602
-0.034985602,-0.034985602
-0.034985602,-0.034985602
-0.034985602,-0.034985602
-0.034985602,-0.034985602
-0.034985602,-0.034985602
-0.034985602,-0.034985602
-0.034985602,-0.034985602
-0.034985602,-0.034985602
-0.034985602,-0.034985602
-0.034985602,-0.034985602
-0.034985602,-0.034985602
-0.034985602,-0.034985602
-0.034985602,-0.034985602
-0.034985602,-0.034985602
-0.034985602,-0.034985602
-0.034985602,-0.034985602
-0.034985602,-0.034985602
-0.034985602,-0.034985602
-0.034985602,-0.034985602
-0.034985602,-0.034985602
-0.034985602,-0.034985602
-0.034985602,-0.034985602
-0.034985602,-0.034985602
-0.034985602,-0.034985602
-0.034985602,-0.034985602
-0.034985602,-0.034985602
-0.034985602,-0.034985602
-0.034985602,-0.034985602
-0.034985602,-0.034985602
-0.034985602,-0.034985602
-0.034985602,-0.034985602
-0.034985602,-0.034985602
-0.034985602,-0.034985602
-0.034985602,-0.034985602
-0.034985602,-0.034985602
-0.034985602,-0.034985602
-0.034985602,-0.034985602
-0.034985602,-0.034985602
-0.034985602,-0.034985602
-0.034985602,-0.034985602
-0.034985602,-0.034985602
-0.034985602,-0.034985602
-0.034985602,-0.034985602
-0.034985602,-0.034985602
-0.034985602,-0.034985602
-0.034985602,-0.034985602
-0.034985602,-0.034985602
-0.034985602,-0.034985602
-0.034985602,-0.034985602
-0.034985602,-0.034985602
-0.034985602,-0.034985602
-0.034985602,-0.034985602
-0.034985602,-0.034985602
-0.034985602,-0.034985602
-0.034985602,-0.034985602
-0.034985602,-0.034985602
-0.034985602,-0.034985602
-0.034985602,-0.034985602
-0.034985602,-0.034985602
-0.034985602,-0.034985602
-0.034985602,-0.034985602
-0.034985602,-0.034985602
-0.034985602,-0.034985602
-0.034985602,-0.034985602
-0.034985602,-0.034985602
-0.034985602,-0.034985602
-0.034985602,-0.034985602
-0.034985602,-0.034985602
-0.034985602,-0.034985602
-0.034985602,-0.034985602
-0.034985602,-0.034985602
-0.034985602,-0.034985602
-0.034985602,-0.034985602
-0.034985602,-0.034985602
-0.034985602,-0.034985602
-0.034985602,-0.034985602
-0.034985602,-0.034985602
-0.034985602,-0.034985602
-0.034985602,-0.034985602
-0.034985602,-0.034985602
-0.034985602,-0.034985602
-0.034985602,-0.034985602
-0.034985602,-0.034985602
-0.034985602,-0.034985602
-0.034985602,-0.034985602
-0.034985602,-0.034985602
-0.034985602,-0.034985602
-0.034985602,-0.034985602
-0.034985602,-0.034985602
-0.034985602,-0.034985602
-0.034985602,-0.034985602
-0.034985602,-0.034985602
-0.034985602,-0.034985602
-0.034985602,-0.034985602
-0.034985602,-0.034985602
-0.034985602,-0.034985602
-0.034985602,-0.034985602
-0.034985602,-0.034985602
-0.034985602,-0.034985602
-0.034985602,-0.034985602
-0.034985602,-0.034985602
-0.034985602,-0.034985602
-0.034985602,-0.034985602
-0.034985602,-0.034985602
-0.034985602,-0.034985602
-0.034985602,-0.034985602
-0.034985602,-0.034985602
-0.034985602,-0.034985602
-0.034985602,-0.034985602
-0.034985602,-0.034985602
-0.034985602,-0.034985602
-0.034985602,-0.034985602
-0.034985602,-0.034985602
-0.034985602,-0.034985602
-0.034985602,-0.034985602
-0.034985602,-0.034985602
-0.034985602,-0.034985602
-0.034985602,-0.034985602
-0.034985602,-0.034985602
-0.034985602,-0.034985602
-0.034985602,-0.034985602
-0.034985602,-0.034985602
-0.034985602,-0.034985602
-0.034985602,-0.034985602
-0.034985602,-0.034985602
-0.034985602,-0.034985602
-0.034985602,-0.034985602
-0.034985602,-0.034985602
-0.034985602,-0.034985602
-0.034985602,-0.034985602
-0.034985602,-0.034985602
-0.034985602,-0.034985602
-0.034985602,-0.034985602
-0.034985602,-0.034985602
-0.034985602,-0.034985602
-0.034985602,-0.034985602
-0.034985602,-0.034985602
-0.034985602,-0.034985602
-0.034985602,-0.034985602
-0.034985602,-0.034985602
-0.034985602,-0.034985602
-0.034985602,-0.034985602
-0.034985602,-0.034985602
-0.034985602,-0.034985602
-0.034985602,-0.034985602
-0.034985602,-0.034985602
-0.034985602,-0.034985602
-0.034985602,-0.034985602
-0.034985602,-0.034985602
-0.034985602,-0.034985602
-0.034985602,-0.034985602
-0.034985602,-0.034985602
-0.034985602,-0.034985602
-0.034985602,-0.034985602
-0.034985602,-0.034985602
-0.034985602,-0.034985602
-0.034985602,-0.034985602
-0.034985602,-0.034985602
-0.034985602,-0.034985602
-0.034985602,-0.034985602
-0.034985602,-0.034985602
-0.034985602,-0.034985602
-0.034985602,-0.034985602
-0.034985602,-0.034985602
-0.034985602,-0.034985602
-0.034985602,-0.034985602
-0.034985602,-0.034985602
-0.034985602,-0.034985602
-0.034985602,-0.034985602
-0.034985602,-0.034985602
-0.034985602,-0.034985602
-0.034985602,-0.034985602
-0.034985602,-0.034985602
-0.034985602,-0.034985602
-0.034985602,-0.034985602
-0.034985602,-0.034985602
-0.034985602,-0.034985602
-0.034985602,-0.034985602
-0.034985602,-0.034985602
-0.034985602,-0.034985602
-0.034985602,-0.034985602
-0.034985602,-0.034985602
-0.034985602,-0.034985602
-0.034985602,-0.034985602
-0.034985602,-0.034985602
-0.034985602,-0.034985602
-0.034985602,-0.034985602
-0.034985602,-0.034985602
-0.034985602,-0.034985602
-0.034985602,-0.034985602
-0.034985602,-0.034985602
-0.034985602,-0.034985602
-0.034985602,-0.034985602
-0.034985602,-0.034985602
-0.034985602,-0.034985602
-0.034985602,-0.034985602
-0.034985602,-0.034985602
-0.034985602,-0.034985602
-0.034985602,-0.034985602
-0.034985602,-0.034985602
-0.034985602,-0.034985602
-0.034985602,-0.034985602
-0.034985602,-0.034985602
-0.034985602,-0.034985602
-0.034985602,-0.034985602
-0.034985602,-0.034985602
-0.034985602,-0.034985602
-0.034985602,-0.034985602
-0.034985602,-0.034985602
-0.034985602,-0.034985602
-0.034985602,-0.034985602
-0.034985602,-0.034985602
-0.034985602,-0.034985602
-0.034985602,-0.034985602
-0.034985602,-0.034985602
-0.034985602,-0.034985602
-0.034985602,-0.034985602
-0.034985602,-0.034985602
-0.034985602,-0.034985602
-0.034985602,-0.034985602
-0.034985602,-0.034985602
-0.034985602,-0.034985602
-0.034985602,-0.034985602
-0.034985602,-0.034985602
-0.034985602,-0.034985602
-0.034985602,-0.034985602
-0.034985602,-0.034985602
-0.034985602,-0.034985602
-0.034985602,-0.034985602
-0.034985602,-0.034985602
-0.034985602,-0.034985602
-0.034985602,-0.034985602
-0.034985602,-0.034985602
-0.034985602,-0.034985602
-0.034985602,-0.034985602
-0.034985602,-0.034985602
-0.034985602,-0.034985602
-0.034985602,-0.034985602
-0.034985602,-0.034985602
-0.034985602,-0.034985602
-0.034985602,-0.034985602
-0.034985602,-0.034985602
-0.034985602,-0.034985602
-0.034985602,-0.034985602
-0.034985602,-0.034985602
-0.034985602,-0.034985602
-0.034985602,-0.034985602
-0.034985602,-0.034985602
-0.034985602,-0.034985602
-0.034985602,-0.034985602
-0.034985602,-0.034985602
-0.034985602,-0.034985602
-0.034985602,-0.034985602
-0.034985602,-0.034985602
-0.034985602,-0.034985602
-0.034985602,-0.034985602
-0.034985602,-0.034985602
-0.034985602,-0.034985602
-0.034985602,-0.034985602
-0.034985602,-0.034985602
-0.034985602,-0.034985602
-0.034985602,-0.034985602
-0.034985602,-0.034985602
-0.034985602,-0.034985602
-0.034985602,-0.034985602
-0.034985602,-0.034985602
-0.034985602,-0.034985602
-0.034985602,-0.034985602
-0.034985602,-0.034985602
-0.034985602,-0.034985602
-0.034985602,-0.034985602
-0.034985602,-0.034985602
-0.034985602,-0.034985602
-0.034985602,-0.034985602
-0.034985602,-0.034985602
-0.034985602,-0.034985602
-0.034985602,-0.034985602
-0.034985602,-0.034985602
-0.034985602,-0.034985602
-0.034985602,-0.034985602
-0.034985602,-0.034985602
-0.034985602,-0.034985602
-0.034985602,-0.034985602
-0.034985602,-0.034985602
-0.034985602,-0.034985602
-0.034985602,-0.034985602
-0.034985602,-0.034985602
-0.034985602,-0.034985602
-0.034985602,-0.034985602
-0.034985602,-0.034985602
-0.034985602,-0.034985602
-0.034985602,-0.034985602
-0.034985602,-0.034985602
-0.034985602,-0.034985602
-0.034985602,-0.034985602
-0.034985602,-0.034985602
-0.034985602,-0.034985602
-0.034985602,-0.034985602
-0.034985602,-0.034985602
-0.034985602,-0.034985602
-0.034985602,-0.034985602
-0.034985602,-0.034985602
-0.034985602,-0.034985602
-0.034985602,-0.034985602
-0.034985602,-0.034985602
-0.034985602,-0.034985602
-0.034985602,-0.034985602
-0.034985602,-0.034985602
-0.034985602,-0.034985602
-0.034985602,-0.034985602
-0.034985602,-0.034985602
-0.034985602,-0.034985602
-0.034985602,-0.034985602
-0.034985602,-0.034985602
-0.034985602,-0.034985602
-0.034985602,-0.034985602
-0.034985602,-0.034985602
-0.034985602,-0.034985602
-0.034985602,-0.034985602
-0.034985602,-0.034985602
-0.034985602,-0.034985602
-0.034985602,-0.034985602
-0.034985602,-0.034985602
-0.034985602,-0.034985602
-0.034985602,-0.034985602
-0.034985602,-0.034985602
-0.034985602,-0.034985602
-0.034985602,-0.034985602
-0.034985602,-0.034985602
-0.034985602,-0.034985602
-0.034985602,-0.034985602
-0.034985602,-0.034985602
-0.034985602,-0.034985602
-0.034985602,-0.034985602
-0.034985602,-0.034985602
-0.034985602,-0.034985602
-0.034985602,-0.034985602
-0.034985602,-0.034985602
-0.034985602,-0.034985602
-0.034985602,-0.034985602
-0.034985602,-0.034985602
-0.034985602,-0.034985602
-0.034985602,-0.034985602
-0.034985602,-0.034985602
-0.034985602,-0.034985602
-0.034985602,-0.034985602
-0.034985602,-0.034985602
-0.034985602,-0.034985602
-0.034985602,-0.034985602
-0.034985602,-0.034985602
-0.034985602,-0.034985602
-0.034985602,-0.034985602
-0.034985602,-0.034985602
-0.034985602,-0.034985602
-0.034985602,-0.034985602
-0.034985602,-0.034985602
-0.034985602,-0.034985602
-0.034985602,-0.034985602
-0.034985602,-0.034985602
-0.034985602,-0.034985602
-0.034985602,-0.034985602
-0.034985602,-0.034985602
-0.034985602,-0.034985602
-0.034985602,-0.034985602
-0.034985602,-0.034985602
-0.034985602,-0.034985602
-0.034985602,-0.034985602
-0.034985602,-0.034985602
-0.034985602,-0.034985602
-0.034985602,-0.034985602
-0.034985602,-0.034985602
-0.034985602,-0.034985602
-0.034985602,-0.034985602
-0.034985602,-0.034985602
-0.034985602,-0.034985602
-0.034985602,-0.034985602
-0.034985602,-0.034985602
-0.034985602,-0.034985602
-0.034985602,-0.034985602
-0.034985602,-0.034985602
-0.034985602,-0.034985602
-0.034985602,-0.034985602
-0.034985602,-0.034985602
-0.034985602,-0.034985602
-0.034985602,-0.034985602
-0.034985602,-0.034985602
-0.034985602,-0.034985602
-0.034985602,-0.034985602
-0.034985602,-0.034985602
-0.034985602,-0.034985602
-0.034985602,-0.034985602
-0.034985602,-0.034985602
-0.034985602,-0.034985602
-0.034985602,-0.034985602
-0.034985602,-0.034985602
-0.034985602,-0.034985602
-0.034985602,-0.034985602
-0.034985602,-0.034985602
-0.034985602,-0.034985602
-0.034985602,-0.034985602
-0.034985602,-0.034985602
-0.034985602,-0.034985602
-0.034985602,-0.034985602
-0.034985602,-0.034985602
-0.034985602,-0.034985602
-0.034985602,-0.034985602
-0.034985602,-0.034985602
-0.034985602,-0.034985602
-0.034985602,-0.034985602
-0.034985602,-0.034985602
-0.034985602,-0.034985602
-0.034985602,-0.034985602
-0.034985602,-0.034985602
-0.034985602,-0.034985602
-0.034985602,-0.034985602
-0.034985602,-0.034985602
-0.034985602,-0.034985602
-0.034985602,-0.034985602
-0.034985602,-0.034985602
-0.034985602,-0.034985602
-0.034985602,-0.034985602
-0.034985602,-0.034985602
-0.034985602,-0.034985602
-0.034985602,-0.034985602
-0.034985602,-0.034985602
-0.034985602,-0.034985602
-0.034985602,-0.034985602
-0.034985602,-0.034985602
-0.034985602,-0.034985602
-0.034985602,-0.034985602
-0.034985602,-0.034985602
-0.034985602,-0.034985602
-0.034985602,-0.034985602
-0.034985602,-0.034985602
-0.034985602,-0.034985602
-0.034985602,-0.034985602
-0.034985602,-0.034985602
-0.034985602,-0.034985602
-0.034985602,-0.034985602
-0.034985602,-0.034985602
-0.034985602,-0.034985602
-0.034985602,-0.034985602
-0.034985602,-0.034985602
-0.034985602,-0.034985602
-0.034985602,-0.034985602
-0.034985602,-0.034985602
-0.034985602,-0.034985602
-0.034985602,-0.034985602
-0.034985602,-0.034985602
-0.034985602,-0.034985602
-0.034985602,-0.034985602
-0.034985602,-0.034985602
-0.034985602,-0.034985602
-0.034985602,-0.034985602
-0.034985602,-0.034985602
-0.034985602,-0.034985602
-0.034985602,-0.034985602
-0.034985602,-0.034985602
-0.034985602,-0.034985602
-0.034985602,-0.034985602
-0.034985602,-0.034985602
-0.034985602,-0.034985602
-0.034985602,-0.034985602
-0.034985602,-0.034985602
-0.034985602,-0.034985602
-0.034985602,-0.034985602
-0.034985602,-0.034985602
-0.034985602,-0.034985602
-0.034985602,-0.034985602
-0.034985602,-0.034985602
-0.034985602,-0.034985602
-0.034985602,-0.034985602
-0.034985602,-0.034985602
-0.034985602,-0.034985602
-0.034985602,-0.034985602
-0.034985602,-0.034985602
-0.034985602,-0.034985602
-0.034985602,-0.034985602
-0.034985602,-0.034985602
-0.034985602,-0.034985602
-0.034985602,-0.034985602
-0.034985602,-0.034985602
-0.034985602,-0.034985602
-0.034985602,-0.034985602
-0.034985602,-0.034985602
-0.034985602,-0.034985602
-0.034985602,-0.034985602
-0.034985602,-0.034985602
-0.034985602,-0.034985602
-0.034985602,-0.034985602
-0.034985602,-0.034985602
-0.034985602,-0.034985602
-0.034985602,-0.034985602
-0.034985602,-0.034985602
-0.034985602,-0.034985602
-0.034985602,-0.034985602
-0.034985602,-0.034985602
-0.034985602,-0.034985602
-0.034985602,-0.034985602
-0.034985602,-0.034985602
-0.034985602,-0.034985602
-0.034985602,-0.034985602
-0.034985602,-0.034985602
-0.034985602,-0.034985602
-0.034985602,-0.034985602
-0.034985602,-0.034985602
-0.034985602,-0.034985602
-0.034985602,-0.034985602
-0.034985602,-0.034985602
-0.034985602,-0.034985602
-0.034985602,-0.034985602
-0.034985602,-0.034985602
-0.034985602,-0.034985602
-0.034985602,-0.034985602
-0.034985602,-0.034985602
-0.034985602,-0.034985602
-0.034985602,-0.034985602
-0.034985602,-0.034985602
-0.034985602,-0.034985602
-0.034985602,-0.034985602
-0.034985602,-0.034985602
-0.034985602,-0.034985602
-0.034985602,-0.034985602
-0.034985602,-0.034985602
-0.034985602,-0.034985602
-0.034985602,-0.034985602
-0.034985602,-0.034985602
-0.034985602,-0.034985602
-0.034985602,-0.034985602
-0.034985602,-0.034985602
-0.034985602,-0.034985602
-0.034985602,-0.034985602
-0.034985602,-0.034985602
-0.034985602,-0.034985602
-0.034985602,-0.034985602
-0.034985602,-0.034985602
-0.034985602,-0.034985602
-0.034985602,-0.034985602
-0.034985602,-0.034985602
-0.034985602,-0.034985602
-0.034985602,-0.034985602
-0.034985602,-0.034985602
-0.034985602,-0.034985602
-0.034985602,-0.034985602
-0.034985602,-0.034985602
-0.034985602,-0.034985602
-0.034985602,-0.034985602
-0.034985602,-0.034985602
-0.034985602,-0.034985602
-0.034985602,-0.034985602
-0.034985602,-0.034985602
-0.034985602,-0.034985602
-0.034985602,-0.034985602
-0.034985602,-0.034985602
-0.034985602,-0.034985602
-0.034985602,-0.034985602
-0.034985602,-0.034985602
-0.034985602,-0.034985602
-0.034985602,-0.034985602
-0.034985602,-0.034985602
-0.034985602,-0.034985602
-0.034985602,-0.034985602
-0.034985602,-0.034985602
-0.034985602,-0.034985602
-0.034985602,-0.034985602
-0.034985602,-0.034985602
-0.034985602,-0.034985602
-0.034985602,-0.034985602
-0.034985602,-0.034985602
-0.034985602,-0.034985602
-0.034985602,-0.034985602
-0.034985602,-0.034985602
-0.034985602,-0.034985602
-0.034985602,-0.034985602
-0.034985602,-0.034985602
-0.034985602,-0.034985602
-0.034985602,-0.034985602
-0.034985602,-0.034985602
-0.034985602,-0.034985602
-0.034985602,-0.034985602
-0.034985602,-0.034985602
-0.034985602,-0.034985602
-0.034985602,-0.034985602
-0.034985602,-0.034985602
-0.034985602,-0.034985602
-0.034985602,-0.034985602
-0.034985602,-0.034985602
-0.034985602,-0.034985602
-0.034985602,-0.034985602
-0.034985602,-0.034985602
-0.034985602,-0.034985602
-0.034985602,-0.034985602
-0.034985602,-0.034985602
-0.034985602,-0.034985602
-0.034985602,-0.034985602
-0.034985602,-0.034985602
-0.034985602,-0.034985602
-0.034985602,-0.034985602
-0.034985602,-0.034985602
-0.034985602,-0.034985602
-0.034985602,-0.034985602
-0.034985602,-0.034985602
-0.034985602,-0.034985602
-0.034985602,-0.034985602
-0.034985602,-0.034985602
-0.034985602,-0.034985602
-0.034985602,-0.034985602
-0.034985602,-0.034985602
-0.034985602,-0.034985602
-0.034985602,-0.034985602
-0.034985602,-0.034985602
-0.034985602,-0.034985602
-0.034985602,-0.034985602
-0.034985602,-0.034985602
-0.034985602,-0.034985602
-0.034985602,-0.034985602
-0.034985602,-0.034985602
-0.034985602,-0.034985602
-0.034985602,-0.034985602
-0.034985602,-0.034985602
-0.034985602,-0.034985602
-0.034985602,-0.034985602
-0.034985602,-0.034985602
-0.034985602,-0.034985602
-0.034985602,-0.034985602
-0.034985602,-0.034985602
-0.034985602,-0.034985602
-0.034985602,-0.034985602
-0.034985602,-0.034985602
-0.034985602,-0.034985602
-0.034985602,-0.034985602
-0.034985602,-0.034985602
-0.034985602,-0.034985602
-0.034985602,-0.034985602
-0.034985602,-0.034985602
-0.034985602,-0.034985602
-0.034985602,-0.034985602
-0.034985602,-0.034985602
-0.034985602,-0.034985602
-0.034985602,-0.034985602
-0.034985602,-0.034985602
-0.034985602,-0.034985602
-0.034985602,-0.034985602
-0.034985602,-0.034985602
-0.034985602,-0.034985602
-0.034985602,-0.034985602
-0.034985602,-0.034985602
-0.034985602,-0.034985602
-0.034985602,-0.034985602
-0.034985602,-0.034985602
-0.034985602,-0.034985602
-0.034985602,-0.034985602
-0.034985602,-0.034985602
-0.034985602,-0.034985602
-0.034985602,-0.034985602
-0.034985602,-0.034985602
-0.034985602,-0.034985602
-0.034985602,-0.034985602
-0.034985602,-0.034985602
-0.034985602,-0.034985602
-0.034985602,-0.034985602
-0.034985602,-0.034985602
-0.034985602,-0.034985602
-0.034985602,-0.034985602
-0.034985602,-0.034985602
-0.034985602,-0.034985602
-0.036735125,-0.036735125
-0.036735125,-0.036735125
-0.036735125,-0.036735125
-0.036735125,-0.036735125
-0.036735125,-0.036735125
-0.036735125,-0.036735125
-0.036735125,-0.036735125
-0.036735125,-0.036735125
-0.036735125,-0.036735125
-0.036735125,-0.036735125
-0.036735125,-0.036735125
-0.036735125,-0.036735125
-0.036735125,-0.036735125
-0.036735125,-0.036735125
-0.036735125,-0.036735125
-0.036735125,-0.036735125
-0.036735125,-0.036735125
-0.036735125,-0.036735125
-0.036735125,-0.036735125
-0.036735125,-0.036735125
-0.036735125,-0.036735125
-0.036735125,-0.036735125
-0.036735125,-0.036735125
-0.036735125,-0.036735125
-0.036735125,-0.036735125
-0.036735125,-0.036735125
-0.036735125,-0.036735125
-0.036735125,-0.036735125
-0.036735125,-0.036735125
-0.036735125,-0.036735125
-0.036735125,-0.036735125
-0.036735125,-0.036735125
-0.036735125,-0.036735125
-0.036735125,-0.036735125
-0.036735125,-0.036735125
-0.036735125,-0.036735125
-0.036735125,-0.036735125
-0.036735125,-0.036735125
-0.036735125,-0.036735125
-0.036735125,-0.036735125
-0.036735125,-0.036735125
-0.036735125,-0.036735125
-0.036735125,-0.036735125
-0.036735125,-0.036735125
-0.036735125,-0.036735125
-0.036735125,-0.036735125
-0.036735125,-0.036735125
-0.036735125,-0.036735125
-0.036735125,-0.036735125
-0.036735125,-0.036735125
-0.036735125,-0.036735125
-0.036735125,-0.036735125
-0.036735125,-0.036735125
-0.036735125,-0.036735125
-0.036735125,-0.036735125
-0.036735125,-0.036735125
-0.036735125,-0.036735125
-0.036735125,-0.036735125
-0.036735125,-0.036735125
-0.036735125,-0.036735125
-0.036735125,-0.036735125
-0.036735125,-0.036735125
-0.036735125,-0.036735125
-0.036735125,-0.036735125
-0.036735125,-0.036735125
-0.036735125,-0.036735125
-0.034985602,-0.034985602
-0.034985602,-0.034985602
-0.034985602,-0.034985602
-0.034985602,-0.034985602
-0.034985602,-0.034985602
-0.034985602,-0.034985602
-0.034985602,-0.034985602
-0.034985602,-0.034985602
-0.034985602,-0.034985602
-0.034985602,-0.034985602
-0.034985602,-0.034985602
-0.034985602,-0.034985602
-0.034985602,-0.034985602
-0.034985602,-0.034985602
-0.034985602,-0.034985602
-0.034985602,-0.034985602
-0.034985602,-0.034985602
-0.034985602,-0.034985602
-0.034985602,-0.034985602
-0.034985602,-0.034985602
-0.034985602,-0.034985602
-0.034985602,-0.034985602
-0.034985602,-0.034985602
-0.034985602,-0.034985602
-0.034985602,-0.034985602
-0.034985602,-0.034985602
-0.034985602,-0.034985602
-0.034985602,-0.034985602
-0.034985602,-0.034985602
-0.034985602,-0.034985602
-0.034985602,-0.034985602
-0.034985602,-0.034985602
-0.034985602,-0.034985602
-0.034985602,-0.034985602
-0.034985602,-0.034985602
-0.034985602,-0.034985602
-0.034985602,-0.034985602
-0.034985602,-0.034985602
-0.034985602,-0.034985602
-0.034985602,-0.034985602
-0.034985602,-0.034985602
-0.034985602,-0.034985602
-0.034985602,-0.034985602
-0.034985602,-0.034985602
-0.034985602,-0.034985602
-0.034985602,-0.034985602
-0.034985602,-0.034985602
-0.034985602,-0.034985602
-0.034985602,-0.034985602
-0.034985602,-0.034985602
-0.034985602,-0.034985602
-0.034985602,-0.034985602
-0.034985602,-0.034985602
-0.034985602,-0.034985602
-0.034985602,-0.034985602
-0.034985602,-0.034985602
-0.034985602,-0.034985602
-0.034985602,-0.034985602
-0.034985602,-0.034985602
-0.034985602,-0.034985602
-0.034985602,-0.034985602
-0.034985602,-0.034985602
-0.034985602,-0.034985602
-0.034985602,-0.034985602
-0.034985602,-0.034985602
-0.034985602,-0.034985602
-0.034985602,-0.034985602
-0.034985602,-0.034985602
-0.034985602,-0.034985602
-0.034985602,-0.034985602
-0.034985602,-0.034985602
-0.034985602,-0.034985602
-0.034985602,-0.034985602
-0.034985602,-0.034985602
-0.034985602,-0.034985602
-0.034985602,-0.034985602
-0.034985602,-0.034985602
-0.034985602,-0.034985602
-0.034985602,-0.034985602
-0.034985602,-0.034985602
-0.034985602,-0.034985602
-0.034985602,-0.034985602
-0.034985602,-0.034985602
-0.034985602,-0.034985602
-0.034985602,-0.034985602
-0.034985602,-0.034985602
-0.034985602,-0.034985602
-0.034985602,-0.034985602
-0.034985602,-0.034985602
-0.034985602,-0.034985602
-0.034985602,-0.034985602
-0.034985602,-0.034985602
-0.034985602,-0.034985602
-0.034985602,-0.034985602
-0.034985602,-0.034985602
-0.034985602,-0.034985602
-0.034985602,-0.034985602
-0.034985602,-0.034985602
-0.034985602,-0.034985602
-0.034985602,-0.034985602
-0.034985602,-0.034985602
-0.034985602,-0.034985602
-0.034985602,-0.034985602
-0.034985602,-0.034985602
-0.034985602,-0.034985602
-0.034985602,-0.034985602
-0.034985602,-0.034985602
-0.034985602,-0.034985602
-0.034985602,-0.034985602
-0.034985602,-0.034985602
-0.034985602,-0.034985602
-0.034985602,-0.034985602
-0.034985602,-0.034985602
-0.034985602,-0.034985602
-0.034985602,-0.034985602
-0.034985602,-0.034985602
-0.034985602,-0.034985602
-0.034985602,-0.034985602
-0.034985602,-0.034985602
-0.034985602,-0.034985602
-0.034985602,-0.034985602
-0.034985602,-0.034985602
-0.034985602,-0.034985602
-0.034985602,-0.034985602
-0.034985602,-0.034985602
-0.034985602,-0.034985602
-0.034985602,-0.034985602
-0.034985602,-0.034985602
-0.034985602,-0.034985602
-0.034985602,-0.034985602
-0.034985602,-0.034985602
-0.034985602,-0.034985602
-0.034985602,-0.034985602
-0.034985602,-0.034985602
-0.034985602,-0.034985602
-0.034985602,-0.034985602
-0.034985602,-0.034985602
-0.034985602,-0.034985602
-0.034985602,-0.034985602
-0.034985602,-0.034985602
-0.034985602,-0.034985602
-0.034985602,-0.034985602
-0.034985602,-0.034985602
-0.034985602,-0.034985602
-0.034985602,-0.034985602
-0.034985602,-0.034985602
-0.034985602,-0.034985602
-0.034985602,-0.034985602
-0.034985602,-0.034985602
-0.034985602,-0.034985602
-0.034985602,-0.034985602
-0.034985602,-0.034985602
-0.034985602,-0.034985602
-0.034985602,-0.034985602
-0.034985602,-0.034985602
-0.034985602,-0.034985602
-0.034985602,-0.034985602
-0.034985602,-0.034985602
-0.034985602,-0.034985602
-0.081963986,-0.081963986
-0.081963986,-0.081963986
-0.081963986,-0.081963986
-0.081963986,-0.081963986
-0.081963986,-0.081963986
-0.081963986,-0.081963986
-0.081963986,-0.081963986
-0.081963986,-0.081963986
-0.081963986,-0.081963986
-0.081963986,-0.081963986
-0.081963986,-0.081963986
-0.081963986,-0.081963986
-0.081963986,-0.081963986
-0.081963986,-0.081963986
-0.081963986,-0.081963986
-0.081963986,-0.081963986
-0.081963986,-0.081963986
-0.081963986,-0.081963986
-0.081963986,-0.081963986
-0.081963986,-0.081963986
-0.081963986,-0.081963986
-0.081963986,-0.081963986
-0.081963986,-0.081963986
-0.081963986,-0.081963986
-0.081963986,-0.081963986
-0.081963986,-0.081963986
-0.081963986,-0.081963986
-0.081963986,-0.081963986
-0.081963986,-0.081963986
-0.081963986,-0.081963986
-0.081963986,-0.081963986
-0.081963986,-0.081963986
-0.081963986,-0.081963986
-0.081963986,-0.081963986
-0.081963986,-0.081963986
-0.081963986,-0.081963986
-0.081963986,-0.081963986
-0.081963986,-0.081963986
-0.081963986,-0.081963986
-0.081963986,-0.081963986
-0.081963986,-0.081963986
-0.081963986,-0.081963986
-0.081963986,-0.081963986
-0.081963986,-0.081963986
-0.081963986,-0.081963986
-0.081963986,-0.081963986
-0.081963986,-0.081963986
-0.081963986,-0.081963986
-0.081963986,-0.081963986
-0.081963986,-0.081963986
-0.081963986,-0.081963986
-0.081963986,-0.081963986
-0.081963986,-0.081963986
-0.081963986,-0.081963986
-0.081963986,-0.081963986
-0.081963986,-0.081963986
-0.081963986,-0.081963986
-0.081963986,-0.081963986
-0.081963986,-0.081963986
-0.081963986,-0.081963986
-0.081963986,-0.081963986
-0.081963986,-0.081963986
-0.081963986,-0.081963986
-0.081963986,-0.081963986
-0.081963986,-0.081963986
-0.081963986,-0.081963986
-0.081963986,-0.081963986
-0.081963986,-0.081963986
-0.081963986,-0.081963986
-0.081963986,-0.081963986
-0.081963986,-0.081963986
-0.081963986,-0.081963986
-0.081963986,-0.081963986
-0.081963986,-0.081963986
-0.081963986,-0.081963986
-0.081963986,-0.081963986
-0.081963986,-0.081963986
-0.081963986,-0.081963986
-0.081963986,-0.081963986
-0.081963986,-0.081963986
-0.081963986,-0.081963986
-0.081963986,-0.081963986
-0.081963986,-0.081963986
-0.081963986,-0.081963986
-0.081963986,-0.081963986
-0.081963986,-0.081963986
-0.081963986,-0.081963986
-0.081963986,-0.081963986
-0.081963986,-0.081963986
-0.081963986,-0.081963986
-0.081963986,-0.081963986
-0.081963986,-0.081963986
-0.081963986,-0.081963986
-0.081963986,-0.081963986
-0.081963986,-0.081963986
-0.081963986,-0.081963986
-0.081963986,-0.081963986
-0.081963986,-0.081963986
-0.081963986,-0.081963986
-0.081963986,-0.081963986
-0.081963986,-0.081963986
-0.081963986,-0.081963986
-0.081963986,-0.081963986
-0.081963986,-0.081963986
-0.081963986,-0.081963986
-0.081963986,-0.081963986
-0.081963986,-0.081963986
-0.081963986,-0.081963986
-0.081963986,-0.081963986
-0.081963986,-0.081963986
-0.081963986,-0.081963986
-0.081963986,-0.081963986
-0.081963986,-0.081963986
-0.081963986,-0.081963986
-0.081963986,-0.081963986
-0.034985602,-0.034985602
-0.034985602,-0.034985602
-0.034985602,-0.034985602
-0.034985602,-0.034985602
-0.034985602,-0.034985602
-0.034985602,-0.034985602
-0.034985602,-0.034985602
-0.034985602,-0.034985602
-0.034985602,-0.034985602
-0.034985602,-0.034985602
-0.034985602,-0.034985602
-0.034985602,-0.034985602
-0.034985602,-0.034985602
-0.034985602,-0.034985602
-0.034985602,-0.034985602
-0.034985602,-0.034985602
-0.034985602,-0.034985602
-0.034985602,-0.034985602
-0.034985602,-0.034985602
-0.034985602,-0.034985602
-0.034985602,-0.034985602
-0.034985602,-0.034985602
-0.034985602,-0.034985602
-0.034985602,-0.034985602
-0.034985602,-0.034985602
-0.034985602,-0.034985602
-0.034985602,-0.034985602
-0.034985602,-0.034985602
-0.034985602,-0.034985602
-0.15646634,-0.15646634
-0.15646634,-0.15646634
-0.15646634,-0.15646634
-0.15646634,-0.15646634
-0.15646634,-0.15646634
-0.15646634,-0.15646634
-0.15646634,-0.15646634
-0.15646634,-0.15646634
-0.15646634,-0.15646634
-0.15646634,-0.15646634
-0.15646634,-0.15646634
-0.15646634,-0.15646634
-0.15646634,-0.15646634
-0.15646634,-0.15646634
-0.15646634,-0.15646634
-0.15646634,-0.15646634
-0.15646634,-0.15646634
-0.15646634,-0.15646634
-0.15646634,-0.15646634
-0.15646634,-0.15646634
-0.15646634,-0.15646634
-0.15646634,-0.15646634
-0.15646634,-0.15646634
-0.15646634,-0.15646634
-0.15646634,-0.15646634
-0.15646634,-0.15646634
-0.15646634,-0.15646634
-0.15646634,-0.15646634
-0.15646634,-0.15646634
-0.15646634,-0.15646634
-0.15646634,-0.15646634
-0.15646634,-0.15646634
-0.15646634,-0.15646634
-0.15646634,-0.15646634
-0.15646634,-0.15646634
-0.15646634,-0.15646634
-0.15646634,-0.15646634
-0.15646634,-0.15646634
-0.15646634,-0.15646634
-0.15646634,-0.15646634
-0.15646634,-0.15646634
-0.15646634,-0.15646634
-0.15646634,-0.15646634
-0.15646634,-0.15646634
-0.15646634,-0.15646634
-0.15646634,-0.15646634
-0.15646634,-0.15646634
-0.15646634,-0.15646634
-0.15646634,-0.15646634
-0.15646634,-0.15646634
-0.15646634,-0.15646634
-0.15646634,-0.15646634
-0.15646634,-0.15646634
-0.15646634,-0.15646634
-0.15646634,-0.15646634
-0.15646634,-0.15646634
-0.15646634,-0.15646634
-0.15646634,-0.15646634
-0.15646634,-0.15646634
-0.15646634,-0.15646634
-0.15646634,-0.15646634
-0.15646634,-0.15646634
-0.15646634,-0.15646634
-0.15646634,-0.15646634
-0.15646634,-0.15646634
-0.15646634,-0.15646634
-0.15646634,-0.15646634
-0.15646634,-0.15646634
-0.15646634,-0.15646634
-0.15646634,-0.15646634
-0.15646634,-0.15646634
-0.15646634,-0.15646634
-0.15646634,-0.15646634
-0.15646634,-0.15646634
-0.15646634,-0.15646634
-0.15646634,-0.15646634
-0.15646634,-0.15646634
-0.15646634,-0.15646634
-0.15646634,-0.15646634
-0.15646634,-0.15646634
-0.15646634,-0.15646634
-0.15646634,-0.15646634
-0.15646634,-0.15646634
-0.15646634,-0.15646634
-0.15646634,-0.15646634
-0.15646634,-0.15646634
-0.15646634,-0.15646634
-0.15646634,-0.15646634
-0.15646634,-0.15646634
-0.034985602,-0.034985602
-0.034985602,-0.034985602
-0.034985602,-0.034985602
-0.034985602,-0.034985602
-0.034985602,-0.034985602
-0.034985602,-0.034985602
-0.034985602,-0.034985602
-0.006865382,-0.006865382
-0.006865382,-0.006865382
-0.006865382,-0.006865382
-0.006865382,-0.006865382
-0.006865382,-0.006865382
-0.034985602,-0.034985602
-0.034985602,-0.034985602
-0.034985602,-0.034985602
-0.034985602,-0.034985602
-0.034985602,-0.034985602
-0.034985602,-0.034985602
-0.034985602,-0.034985602
-0.034985602,-0.034985602
-0.034985602,-0.034985602
-0.034985602,-0.034985602
-0.034985602,-0.034985602
-0.034985602,-0.034985602
-0.034985602,-0.034985602
-0.034985602,-0.034985602
-0.034985602,-0.034985602
-0.034985602,-0.034985602
-0.034985602,-0.034985602
-0.034985602,-0.034985602
-0.034985602,-0.034985602
-0.034985602,-0.034985602
-0.034985602,-0.034985602
-0.034985602,-0.034985602
-0.034985602,-0.034985602
-0.034985602,-0.034985602
-0.034985602,-0.034985602
-0.034985602,-0.034985602
-0.034985602,-0.034985602
-0.034985602,-0.034985602
-0.034985602,-0.034985602
-0.034985602,-0.034985602
-0.034985602,-0.034985602
-0.034985602,-0.034985602
-0.034985602,-0.034985602
-0.034985602,-0.034985602
-0.034985602,-0.034985602
-0.034985602,-0.034985602
-0.034985602,-0.034985602
-0.034985602,-0.034985602
-0.034985602,-0.034985602
-0.034985602,-0.034985602
-0.034985602,-0.034985602
-0.034985602,-0.034985602
-0.034985602,-0.034985602
-0.034985602,-0.034985602
-0.034985602,-0.034985602
-0.034985602,-0.034985602
-0.034985602,-0.034985602
-0.034985602,-0.034985602
-0.034985602,-0.034985602
-0.034985602,-0.034985602
-0.034985602,-0.034985602
-0.034985602,-0.034985602
-0.034985602,-0.034985602
-0.034985602,-0.034985602
-0.034985602,-0.034985602
-0.034985602,-0.034985602
-0.034985602,-0.034985602
-0.034985602,-0.034985602
-0.034985602,-0.034985602
-0.034985602,-0.034985602
-0.034985602,-0.034985602
-0.034985602,-0.034985602
-0.034985602,-0.034985602
-0.034985602,-0.034985602
-0.034985602,-0.034985602
-0.034985602,-0.034985602
-0.034985602,-0.034985602
-0.034985602,-0.034985602
-0.034985602,-0.034985602
-0.034985602,-0.034985602
-0.034985602,-0.034985602
-0.034985602,-0.034985602
-0.034985602,-0.034985602
-0.034985602,-0.034985602
-0.034985602,-0.034985602
-0.034985602,-0.034985602
-0.034985602,-0.034985602
-0.034985602,-0.034985602
-0.034985602,-0.034985602
-0.034985602,-0.034985602
-0.034985602,-0.034985602
-0.034985602,-0.034985602
-0.034985602,-0.034985602
-0.034985602,-0.034985602
-0.034985602,-0.034985602
-0.034985602,-0.034985602
-0.034985602,-0.034985602
-0.034985602,-0.034985602
-0.034985602,-0.034985602
-0.034985602,-0.034985602
-0.034985602,-0.034985602
-0.034985602,-0.034985602
-0.034985602,-0.034985602
-0.034985602,-0.034985602
-0.034985602,-0.034985602
-0.034985602,-0.034985602
-0.034985602,-0.034985602
-0.034985602,-0.034985602
-0.034985602,-0.034985602
-0.034985602,-0.034985602
-0.034985602,-0.034985602
-0.034985602,-0.034985602
-0.034985602,-0.034985602
-0.034985602,-0.034985602
-0.034985602,-0.034985602
-0.034985602,-0.034985602
-0.034985602,-0.034985602
-0.034985602,-0.034985602
-0.034985602,-0.034985602
-0.034985602,-0.034985602
-0.034985602,-0.034985602
-0.034985602,-0.034985602
-0.034985602,-0.034985602
-0.034985602,-0.034985602
-0.034985602,-0.034985602
-0.034985602,-0.034985602
-0.034985602,-0.034985602
-0.034985602,-0.034985602
-0.034985602,-0.034985602
-0.034985602,-0.034985602
-0.034985602,-0.034985602
-0.034985602,-0.034985602
-0.034985602,-0.034985602
-0.034985602,-0.034985602
-0.034985602,-0.034985602
-0.034985602,-0.034985602
-0.034985602,-0.034985602
-0.034985602,-0.034985602
-0.034985602,-0.034985602
-0.034985602,-0.034985602
-0.034985602,-0.034985602
-0.034985602,-0.034985602
-0.034985602,-0.034985602
-0.034985602,-0.034985602
-0.034985602,-0.034985602
-0.034985602,-0.034985602
-0.034985602,-0.034985602
-0.034985602,-0.034985602
-0.034985602,-0.034985602
-0.034985602,-0.034985602
-0.034985602,-0.034985602
-0.034985602,-0.034985602
-0.034985602,-0.034985602
-0.034985602,-0.034985602
-0.034985602,-0.034985602
-0.034985602,-0.034985602
-0.034985602,-0.034985602
-0.034985602,-0.034985602
-0.034985602,-0.034985602
-0.034985602,-0.034985602
-0.034985602,-0.034985602
-0.034985602,-0.034985602
-0.034985602,-0.034985602
-0.034985602,-0.034985602
-0.034985602,-0.034985602
-0.034985602,-0.034985602
-0.034985602,-0.034985602
-0.034985602,-0.034985602
-0.034985602,-0.034985602
-0.034985602,-0.034985602
-0.034985602,-0.034985602
-0.034985602,-0.034985602
-0.034985602,-0.034985602
-0.034985602,-0.034985602
-0.034985602,-0.034985602
-0.034985602,-0.034985602
-0.034985602,-0.034985602
-0.034985602,-0.034985602
-0.034985602,-0.034985602
-0.034985602,-0.034985602
-0.034985602,-0.034985602
-0.034985602,-0.034985602
-0.034985602,-0.034985602
-0.034985602,-0.034985602
-0.034985602,-0.034985602
-0.034985602,-0.034985602
-0.034985602,-0.034985602
-0.034985602,-0.034985602
-0.034985602,-0.034985602
-0.034985602,-0.034985602
-0.034985602,-0.034985602
-0.034985602,-0.034985602
-0.034985602,-0.034985602
-0.034985602,-0.034985602
-0.034985602,-0.034985602
-0.034985602,-0.034985602
-0.034985602,-0.034985602
-0.034985602,-0.034985602
-0.034985602,-0.034985602
-0.034985602,-0.034985602
-0.034985602,-0.034985602
-0.034985602,-0.034985602
-0.034985602,-0.034985602
-0.034985602,-0.034985602
-0.034985602,-0.034985602
-0.034985602,-0.034985602
-0.034985602,-0.034985602
-0.034985602,-0.034985602
-0.034985602,-0.034985602
-0.034985602,-0.034985602
-0.034985602,-0.034985602
-0.034985602,-0.034985602
-0.034985602,-0.034985602
-0.034985602,-0.034985602
-0.034985602,-0.034985602
-0.034985602,-0.034985602
-0.034985602,-0.034985602
-0.034985602,-0.034985602
-0.034985602,-0.034985602
-0.034985602,-0.034985602
-0.034985602,-0.034985602
-0.034985602,-0.034985602
-0.034985602,-0.034985602
-0.034985602,-0.034985602
-0.034985602,-0.034985602
-0.034985602,-0.034985602
-0.034985602,-0.034985602
-0.034985602,-0.034985602
-0.034985602,-0.034985602
-0.034985602,-0.034985602
-0.034985602,-0.034985602
-0.034985602,-0.034985602
-0.034985602,-0.034985602
-0.034985602,-0.034985602
-0.034985602,-0.034985602
-0.034985602,-0.034985602
-0.034985602,-0.034985602
-0.034985602,-0.034985602
-0.034985602,-0.034985602
-0.034985602,-0.034985602
-0.034985602,-0.034985602
-0.034985602,-0.034985602
-0.034985602,-0.034985602
-0.034985602,-0.034985602
-0.034985602,-0.034985602
-0.034985602,-0.034985602
-0.034985602,-0.034985602
-0.034985602,-0.034985602
-0.034985602,-0.034985602
-0.034985602,-0.034985602
-0.034985602,-0.034985602
-0.034985602,-0.034985602
-0.034985602,-0.034985602
-0.034985602,-0.034985602
-0.034985602,-0.034985602
-0.034985602,-0.034985602
-0.034985602,-0.034985602
-0.034985602,-0.034985602
-0.034985602,-0.034985602
-0.034985602,-0.034985602
-0.034985602,-0.034985602
-0.034985602,-0.034985602
-0.034985602,-0.034985602
-0.034985602,-0.034985602
-0.034985602,-0.034985602
-0.034985602,-0.034985602
-0.034985602,-0.034985602
-0.034985602,-0.034985602
-0.034985602,-0.034985602
-0.034985602,-0.034985602
-0.034985602,-0.034985602
-0.034985602,-0.034985602
-0.034985602,-0.034985602
-0.034985602,-0.034985602
-0.034985602,-0.034985602
-0.034985602,-0.034985602
-0.034985602,-0.034985602
-0.034985602,-0.034985602
-0.034985602,-0.034985602
-0.034985602,-0.034985602
-0.034985602,-0.034985602
-0.034985602,-0.034985602
-0.034985602,-0.034985602
-0.034985602,-0.034985602
-0.034985602,-0.034985602
-0.034985602,-0.034985602
-0.034985602,-0.034985602
-0.034985602,-0.034985602
-0.034985602,-0.034985602
-0.034985602,-0.034985602
-0.034985602,-0.034985602
-0.034985602,-0.034985602
-0.034985602,-0.034985602
-0.034985602,-0.034985602
-0.034985602,-0.034985602
-0.034985602,-0.034985602
-0.034985602,-0.034985602
-0.034985602,-0.034985602
-0.034985602,-0.034985602
-0.034985602,-0.034985602
-0.034985602,-0.034985602
-0.034985602,-0.034985602
-0.034985602,-0.034985602
-0.034985602,-0.034985602
-0.034985602,-0.034985602
-0.034985602,-0.034985602
-0.034985602,-0.034985602
-0.034985602,-0.034985602
-0.034985602,-0.034985602
-0.034985602,-0.034985602
-0.034985602,-0.034985602
-0.034985602,-0.034985602
-0.8271528,-0.8271528
-0.8271528,-0.8271528
-0.8271528,-0.8271528
-0.8271528,-0.8271528
-0.8271528,-0.8271528
-0.8271528,-0.8271528
-0.8271528,-0.8271528
-0.8271528,-0.8271528
-0.8271528,-0.8271528
-0.8271528,-0.8271528
-0.8271528,-0.8271528
-0.8271528,-0.8271528
-0.8271528,-0.8271528
-0.8271528,-0.8271528
-0.8271528,-0.8271528
-0.8271528,-0.8271528
-0.8271528,-0.8271528
-0.8271528,-0.8271528
-0.8271528,-0.8271528
-0.8271528,-0.8271528
-0.8271528,-0.8271528
-0.8271528,-0.8271528
-0.8271528,-0.8271528
-0.8271528,-0.8271528
-0.8271528,-0.8271528
-0.8271528,-0.8271528
-0.8271528,-0.8271528
-0.8271528,-0.8271528
-0.8271528,-0.8271528
-0.8271528,-0.8271528
-0.8271528,-0.8271528
-0.8271528,-0.8271528
-0.8271528,-0.8271528
-0.8271528,-0.8271528
-0.8271528,-0.8271528
-0.8271528,-0.8271528
-0.8271528,-0.8271528
-0.8271528,-0.8271528
-0.8271528,-0.8271528
-0.8271528,-0.8271528
-0.8271528,-0.8271528
-0.8271528,-0.8271528
-0.8271528,-0.8271528
-0.8271528,-0.8271528
-0.8271528,-0.8271528
-0.8271528,-0.8271528
-0.8271528,-0.8271528
-0.8271528,-0.8271528
-0.8271528,-0.8271528
-0.8271528,-0.8271528
-0.8271528,-0.8271528
-0.8271528,-0.8271528
-0.8271528,-0.8271528
-0.8271528,-0.8271528
-0.8271528,-0.8271528
-0.8271528,-0.8271528
-0.8271528,-0.8271528
-0.8271528,-0.8271528
-0.8271528,-0.8271528
-0.8271528,-0.8271528
-0.8271528,-0.8271528
-0.8271528,-0.8271528
-0.8271528,-0.8271528
-0.8271528,-0.8271528
-0.8271528,-0.8271528
-0.8271528,-0.8271528
-0.8271528,-0.8271528
-0.8271528,-0.8271528
-0.8271528,-0.8271528
-0.8271528,-0.8271528
-0.8271528,-0.8271528
-0.8271528,-0.8271528
-0.8271528,-0.8271528
-0.8271528,-0.8271528
-0.8271528,-0.8271528
-0.8271528,-0.8271528
-0.8271528,-0.8271528
-0.8271528,-0.8271528
-0.8271528,-0.8271528
-0.8271528,-0.8271528
-0.8271528,-0.8271528
-0.8271528,-0.8271528
-0.8271528,-0.8271528
-0.8271528,-0.8271528
-0.8271528,-0.8271528
-0.8271528,-0.8271528
-0.8271528,-0.8271528
-0.8271528,-0.8271528
-0.8271528,-0.8271528
-0.8271528,-0.8271528
-0.8271528,-0.8271528
-0.8271528,-0.8271528
-0.8271528,-0.8271528
-0.8271528,-0.8271528
-0.8271528,-0.8271528
-0.8271528,-0.8271528
-0.8271528,-0.8271528
-0.8271528,-0.8271528
-0.8271528,-0.8271528
-0.8271528,-0.8271528
-0.8271528,-0.8271528
-0.8271528,-0.8271528
-0.8271528,-0.8271528
-0.8271528,-0.8271528
-0.8271528,-0.8271528
-0.8271528,-0.8271528
-0.8271528,-0.8271528
-0.8271528,-0.8271528
-0.8271528,-0.8271528
-0.8271528,-0.8271528
-0.8271528,-0.8271528
-0.8271528,-0.8271528
-0.8271528,-0.8271528
-0.8271528,-0.8271528
-0.8271528,-0.8271528
-0.8271528,-0.8271528
-0.8271528,-0.8271528
-0.8271528,-0.8271528
-0.8271528,-0.8271528
-0.8271528,-0.8271528
-0.8271528,-0.8271528
-0.8271528,-0.8271528
-0.8271528,-0.8271528
-0.8271528,-0.8271528
-0.8271528,-0.8271528
-0.8271528,-0.8271528
-0.8271528,-0.8271528
-0.8271528,-0.8271528
-0.8271528,-0.8271528
-0.8271528,-0.8271528
-0.8271528,-0.8271528
-0.8271528,-0.8271528
-0.8271528,-0.8271528
-0.8271528,-0.8271528
-0.8271528,-0.8271528
-0.8271528,-0.8271528
-0.8271528,-0.8271528
-0.8271528,-0.8271528
-0.8271528,-0.8271528
-0.8271528,-0.8271528
-0.8271528,-0.8271528
-0.8271528,-0.8271528
-0.8271528,-0.8271528
-0.8271528,-0.8271528
-0.8271528,-0.8271528
-0.8271528,-0.8271528
-0.8271528,-0.8271528
-0.8271528,-0.8271528
-0.8271528,-0.8271528
-0.8271528,-0.8271528
-0.8271528,-0.8271528
-0.8271528,-0.8271528
-0.8271528,-0.8271528
-0.8271528,-0.8271528
-0.8271528,-0.8271528
-0.8271528,-0.8271528
-0.8271528,-0.8271528
-0.8271528,-0.8271528
-0.8271528,-0.8271528
-0.8271528,-0.8271528
-0.8271528,-0.8271528
-0.8271528,-0.8271528
-0.8271528,-0.8271528
-0.8271528,-0.8271528
-0.8271528,-0.8271528
-0.8271528,-0.8271528
-0.8271528,-0.8271528
-0.8271528,-0.8271528
-0.8271528,-0.8271528
-0.8271528,-0.8271528
-0.8271528,-0.8271528
-0.8271528,-0.8271528
-0.8271528,-0.8271528
-0.8271528,-0.8271528
-0.8271528,-0.8271528
-0.8271528,-0.8271528
-0.8271528,-0.8271528
-0.8271528,-0.8271528
-0.8271528,-0.8271528
-0.8271528,-0.8271528
-0.8271528,-0.8271528
-0.8271528,-0.8271528
-0.8271528,-0.8271528
-0.8271528,-0.8271528
-0.8271528,-0.8271528
-0.8271528,-0.8271528
-0.8271528,-0.8271528
-0.8271528,-0.8271528
-0.8271528,-0.8271528
-0.8271528,-0.8271528
-0.8271528,-0.8271528
-0.8271528,-0.8271528
-0.8271528,-0.8271528
-0.8271528,-0.8271528
-0.8271528,-0.8271528
-0.8271528,-0.8271528
-0.8271528,-0.8271528
-0.8271528,-0.8271528
-0.8271528,-0.8271528
-0.8271528,-0.8271528
-0.8271528,-0.8271528
-0.8271528,-0.8271528
-0.8271528,-0.8271528
-0.8271528,-0.8271528
-0.8271528,-0.8271528
-0.8271528,-0.8271528
-0.8271528,-0.8271528
-0.8271528,-0.8271528
-0.8271528,-0.8271528
-0.8271528,-0.8271528
-0.8271528,-0.8271528
-0.8271528,-0.8271528
-0.8271528,-0.8271528
-0.8271528,-0.8271528
-0.8271528,-0.8271528
-0.8271528,-0.8271528
-0.8271528,-0.8271528
-0.8271528,-0.8271528
-0.8271528,-0.8271528
-0.8271528,-0.8271528
-0.8271528,-0.8271528
-0.8271528,-0.8271528
-0.8271528,-0.8271528
-0.8271528,-0.8271528
-0.8271528,-0.8271528
-0.8271528,-0.8271528
-0.8271528,-0.8271528
-0.8271528,-0.8271528
-0.8271528,-0.8271528
-0.8271528,-0.8271528
-0.8271528,-0.8271528
-0.8271528,-0.8271528
-0.8271528,-0.8271528
-0.8271528,-0.8271528
-0.8271528,-0.8271528
-0.8271528,-0.8271528
-0.8271528,-0.8271528
-0.8271528,-0.8271528
-0.8271528,-0.8271528
-0.8271528,-0.8271528
-0.8271528,-0.8271528
-0.8271528,-0.8271528
-0.8271528,-0.8271528
-0.8271528,-0.8271528
-0.8271528,-0.8271528
-0.8271528,-0.8271528
-0.8271528,-0.8271528
-0.8271528,-0.8271528
-0.8271528,-0.8271528
-0.8271528,-0.8271528
-0.8271528,-0.8271528
-0.8271528,-0.8271528
-0.8271528,-0.8271528
-0.8271528,-0.8271528
-0.8271528,-0.8271528
-0.8271528,-0.8271528
-0.8271528,-0.8271528
-0.8271528,-0.8271528
-0.8271528,-0.8271528
-0.8271528,-0.8271528
-0.8271528,-0.8271528
-0.8271528,-0.8271528
-0.8271528,-0.8271528
-0.8271528,-0.8271528
-0.8271528,-0.8271528
-0.8271528,-0.8271528
-0.8271528,-0.8271528
-0.8271528,-0.8271528
-0.8271528,-0.8271528
-0.8271528,-0.8271528
-0.8271528,-0.8271528
-0.8271528,-0.8271528
-0.8271528,-0.8271528
-0.8271528,-0.8271528
-0.8271528,-0.8271528
-0.8271528,-0.8271528
-0.8271528,-0.8271528
-0.034985602,-0.034985602
-0.034985602,-0.034985602
-0.034985602,-0.034985602
-0.034985602,-0.034985602
-0.034985602,-0.034985602
-0.034985602,-0.034985602
-0.034985602,-0.034985602
-0.034985602,-0.034985602
-0.034985602,-0.034985602
-0.034985602,-0.034985602
-0.034985602,-0.034985602
-0.034985602,-0.034985602
-0.034985602,-0.034985602
-0.034985602,-0.034985602
-0.034985602,-0.034985602
-0.034985602,-0.034985602
-0.034985602,-0.034985602
-0.034985602,-0.034985602
-0.034985602,-0.034985602
-0.034985602,-0.034985602
-0.034985602,-0.034985602
-0.034985602,-0.034985602
-0.034985602,-0.034985602
-0.034985602,-0.034985602
-0.034985602,-0.034985602
-0.32648554,-0.32648554
-0.32648554,-0.32648554
-0.32648554,-0.32648554
-0.32648554,-0.32648554
-0.32648554,-0.32648554
-0.32648554,-0.32648554
-0.32648554,-0.32648554
-0.32648554,-0.32648554
-0.32648554,-0.32648554
-0.32648554,-0.32648554
-0.32648554,-0.32648554
-0.32648554,-0.32648554
-0.32648554,-0.32648554
-0.32648554,-0.32648554
-0.32648554,-0.32648554
-0.32648554,-0.32648554
-0.32648554,-0.32648554
-0.32648554,-0.32648554
-0.32648554,-0.32648554
-0.32648554,-0.32648554
-0.32648554,-0.32648554
-0.32648554,-0.32648554
-0.034985602,-0.034985602
-0.034985602,-0.034985602
-0.034985602,-0.034985602
-0.034985602,-0.034985602
-0.034985602,-0.034985602
-0.034985602,-0.034985602
-0.034985602,-0.034985602
-0.034985602,-0.034985602
-0.034985602,-0.034985602
-0.034985602,-0.034985602
-0.034985602,-0.034985602
-0.034985602,-0.034985602
-0.034985602,-0.034985602
-0.034985602,-0.034985602
-0.034985602,-0.034985602
-0.034985602,-0.034985602
-0.034985602,-0.034985602
-0.034985602,-0.034985602
-0.034985602,-0.034985602
-0.034985602,-0.034985602
-0.034985602,-0.034985602
-0.034985602,-0.034985602
-0.034985602,-0.034985602
-0.034985602,-0.034985602
-0.034985602,-0.034985602
-0.034985602,-0.034985602
-0.034985602,-0.034985602
-0.034985602,-0.034985602
-0.034985602,-0.034985602
-0.034985602,-0.034985602
-0.034985602,-0.034985602
-0.034985602,-0.034985602
-0.034985602,-0.034985602
-0.034985602,-0.034985602
-0.034985602,-0.034985602
-0.034985602,-0.034985602
-0.034985602,-0.034985602
-0.034985602,-0.034985602
-0.034985602,-0.034985602
-0.034985602,-0.034985602
-0.034985602,-0.034985602
-0.034985602,-0.034985602
-0.034985602,-0.034985602
-0.034985602,-0.034985602
-0.034985602,-0.034985602
-0.034985602,-0.034985602
-0.034985602,-0.034985602
-0.034985602,-0.034985602
-0.034985602,-0.034985602
-0.034985602,-0.034985602
-0.034985602,-0.034985602
-0.034985602,-0.034985602
-0.034985602,-0.034985602
-0.034985602,-0.034985602
-0.034985602,-0.034985602
-0.034985602,-0.034985602
-0.034985602,-0.034985602
-0.034985602,-0.034985602
-0.034985602,-0.034985602
-0.034985602,-0.034985602
-0.31275746,-0.31275746
-0.31275746,-0.31275746
-0.31275746,-0.31275746
-0.31275746,-0.31275746
-0.31275746,-0.31275746
-0.31275746,-0.31275746
-0.31275746,-0.31275746
-0.31275746,-0.31275746
-0.31275746,-0.31275746
-0.31275746,-0.31275746
-0.31275746,-0.31275746
-0.31275746,-0.31275746
-0.31275746,-0.31275746
-0.31275746,-0.31275746
-0.31275746,-0.31275746
-0.31275746,-0.31275746
-0.31275746,-0.31275746
-0.31275746,-0.31275746
-0.31275746,-0.31275746
-0.31275746,-0.31275746
-0.034985602,-0.034985602
-0.034985602,-0.034985602
-0.034985602,-0.034985602
-0.034985602,-0.034985602
-0.034985602,-0.034985602
-0.034985602,-0.034985602
-0.034985602,-0.034985602
-0.034985602,-0.034985602
-0.034985602,-0.034985602
-0.034985602,-0.034985602
-0.034985602,-0.034985602
-0.034985602,-0.034985602
-0.034985602,-0.034985602
-0.034985602,-0.034985602
-0.034985602,-0.034985602
-0.034985602,-0.034985602
-0.034985602,-0.034985602
-0.034985602,-0.034985602
-0.034985602,-0.034985602
-0.034985602,-0.034985602
-0.034985602,-0.034985602
-0.034985602,-0.034985602
-0.034985602,-0.034985602
-0.034985602,-0.034985602
-0.034985602,-0.034985602
-0.034985602,-0.034985602
-0.034985602,-0.034985602
-0.034985602,-0.034985602
-0.034985602,-0.034985602
-0.034985602,-0.034985602
-0.034985602,-0.034985602
-0.034985602,-0.034985602
-0.034985602,-0.034985602
-0.034985602,-0.034985602
-0.034985602,-0.034985602
-0.034985602,-0.034985602
-0.034985602,-0.034985602
-0.034985602,-0.034985602
-0.034985602,-0.034985602
-0.034985602,-0.034985602
-0.034985602,-0.034985602
-0.034985602,-0.034985602
-0.034985602,-0.034985602
-0.034985602,-0.034985602
-0.034985602,-0.034985602
-0.034985602,-0.034985602
-0.034985602,-0.034985602
-0.034985602,-0.034985602
-0.034985602,-0.034985602
-0.034985602,-0.034985602
-0.034985602,-0.034985602
-0.034985602,-0.034985602
-0.034985602,-0.034985602
-0.034985602,-0.034985602
-0.034985602,-0.034985602
-0.034985602,-0.034985602
-0.034985602,-0.034985602
-0.034985602,-0.034985602
-0.034985602,-0.034985602
-0.034985602,-0.034985602
-0.034985602,-0.034985602
-0.034985602,-0.034985602
-0.034985602,-0.034985602
-0.034985602,-0.034985602
-0.034985602,-0.034985602
-0.034985602,-0.034985602
-0.034985602,-0.034985602
-0.034985602,-0.034985602
-0.034985602,-0.034985602
-0.034985602,-0.034985602
-0.034985602,-0.034985602
-0.034985602,-0.034985602
-0.034985602,-0.034985602
-0.034985602,-0.034985602
-0.034985602,-0.034985602
-0.034985602,-0.034985602
-0.034985602,-0.034985602
-0.034985602,-0.034985602
-0.034985602,-0.034985602
-0.034985602,-0.034985602
-0.1462534,-0.1462534
-0.1462534,-0.1462534
-0.1462534,-0.1462534
-0.1462534,-0.1462534
-0.1462534,-0.1462534
-0.1462534,-0.1462534
-0.1462534,-0.1462534
-0.1462534,-0.1462534
-0.1462534,-0.1462534
-0.1462534,-0.1462534
-0.1462534,-0.1462534
-0.1462534,-0.1462534
-0.1462534,-0.1462534
-0.1462534,-0.1462534
-0.1462534,-0.1462534
-0.1462534,-0.1462534
-0.1462534,-0.1462534
-0.1462534,-0.1462534
-0.1462534,-0.1462534
-0.1462534,-0.1462534
-0.1462534,-0.1462534
-0.1462534,-0.1462534
-0.1462534,-0.1462534
-0.1462534,-0.1462534
-0.1462534,-0.1462534
-0.1462534,-0.1462534
-0.1462534,-0.1462534
-0.1462534,-0.1462534
-0.1462534,-0.1462534
-0.1462534,-0.1462534
-0.1462534,-0.1462534
-0.1462534,-0.1462534
-0.1462534,-0.1462534
-0.1462534,-0.1462534
-0.1462534,-0.1462534
-0.1462534,-0.1462534
-0.1462534,-0.1462534
-0.1462534,-0.1462534
-0.1462534,-0.1462534
-0.1462534,-0.1462534
-0.1462534,-0.1462534
-0.1462534,-0.1462534
-0.1462534,-0.1462534
-0.1462534,-0.1462534
-0.1462534,-0.1462534
-0.1462534,-0.1462534
-0.1462534,-0.1462534
-0.034985602,-0.034985602
-0.034985602,-0.034985602
-0.034985602,-0.034985602
-0.034985602,-0.034985602
-0.034985602,-0.034985602
-0.034985602,-0.034985602
-0.034985602,-0.034985602
-0.034985602,-0.034985602
-0.034985602,-0.034985602
-0.034985602,-0.034985602
-0.034985602,-0.034985602
-0.034985602,-0.034985602
-0.034985602,-0.034985602
-0.034985602,-0.034985602
-0.034985602,-0.034985602
-0.034985602,-0.034985602
-0.034985602,-0.034985602
-0.034985602,-0.034985602
-0.034985602,-0.034985602
-0.034985602,-0.034985602
-0.034985602,-0.034985602
-0.034985602,-0.034985602
-0.034985602,-0.034985602
-0.034985602,-0.034985602
-0.034985602,-0.034985602
-0.034985602,-0.034985602
-0.034985602,-0.034985602
-0.034985602,-0.034985602
-0.034985602,-0.034985602
-0.034985602,-0.034985602
-0.034985602,-0.034985602
-0.034985602,-0.034985602
-0.034985602,-0.034985602
-0.034985602,-0.034985602
-0.034985602,-0.034985602
-0.034985602,-0.034985602
-0.034985602,-0.034985602
-0.034985602,-0.034985602
-0.034985602,-0.034985602
-0.034985602,-0.034985602
-0.034985602,-0.034985602
-0.034985602,-0.034985602
-0.034985602,-0.034985602
-0.034985602,-0.034985602
-0.034985602,-0.034985602
-0.034985602,-0.034985602
-0.034985602,-0.034985602
-0.034985602,-0.034985602
-0.034985602,-0.034985602
-0.034985602,-0.034985602
-0.034985602,-0.034985602
-0.034985602,-0.034985602
-0.034985602,-0.034985602
-0.034985602,-0.034985602
-0.034985602,-0.034985602
-0.034985602,-0.034985602
-0.034985602,-0.034985602
-0.034985602,-0.034985602
-0.034985602,-0.034985602
-0.034985602,-0.034985602
-0.034985602,-0.034985602
-0.034985602,-0.034985602
-0.034985602,-0.034985602
-0.034985602,-0.034985602
-0.034985602,-0.034985602
-0.034985602,-0.034985602
-0.034985602,-0.034985602
-0.034985602,-0.034985602
-0.034985602,-0.034985602
-0.034985602,-0.034985602
-0.034985602,-0.034985602
-0.034985602,-0.034985602
-0.034985602,-0.034985602
-0.034985602,-0.034985602
-0.034985602,-0.034985602
-0.034985602,-0.034985602
-0.034985602,-0.034985602
-0.034985602,-0.034985602
-0.034985602,-0.034985602
-0.034985602,-0.034985602
-0.034985602,-0.034985602
-0.034985602,-0.034985602
-0.034985602,-0.034985602
-0.034985602,-0.034985602
-0.034985602,-0.034985602
-0.034985602,-0.034985602
-0.034985602,-0.034985602
-0.034985602,-0.034985602
-0.034985602,-0.034985602
-0.034985602,-0.034985602
-0.034985602,-0.034985602
-0.034985602,-0.034985602
-0.034985602,-0.034985602
-0.034985602,-0.034985602
-0.034985602,-0.034985602
-0.034985602,-0.034985602
-0.034985602,-0.034985602
-0.034985602,-0.034985602
-0.034985602,-0.034985602
-0.034985602,-0.034985602
-0.034985602,-0.034985602
-0.034985602,-0.034985602
-0.034985602,-0.034985602
-0.034985602,-0.034985602
-0.034985602,-0.034985602
-0.034985602,-0.034985602
-0.034985602,-0.034985602
-0.034985602,-0.034985602
-0.034985602,-0.034985602
-0.034985602,-0.034985602
-0.034985602,-0.034985602
-0.034985602,-0.034985602
-0.034985602,-0.034985602
-0.034985602,-0.034985602
-0.034985602,-0.034985602
-0.034985602,-0.034985602
-0.034985602,-0.034985602
-0.034985602,-0.034985602
-0.034985602,-0.034985602
-0.034985602,-0.034985602
-0.034985602,-0.034985602
-0.034985602,-0.034985602
-0.034985602,-0.034985602
-0.034985602,-0.034985602
-0.034985602,-0.034985602
-0.034985602,-0.034985602
-0.034985602,-0.034985602
-0.034985602,-0.034985602
-0.034985602,-0.034985602
-0.034985602,-0.034985602
-0.034985602,-0.034985602
-0.034985602,-0.034985602
-0.034985602,-0.034985602
-0.034985602,-0.034985602
-0.034985602,-0.034985602
-0.034985602,-0.034985602
-0.034985602,-0.034985602
-0.034985602,-0.034985602
-0.034985602,-0.034985602
-0.034985602,-0.034985602
-0.034985602,-0.034985602
-0.034985602,-0.034985602
-0.034985602,-0.034985602
-0.034985602,-0.034985602
-0.034985602,-0.034985602
-0.034985602,-0.034985602
-0.034985602,-0.034985602
-0.034985602,-0.034985602
-0.034985602,-0.034985602
-0.034985602,-0.034985602
-0.034985602,-0.034985602
-0.034985602,-0.034985602
-0.034985602,-0.034985602
-0.034985602,-0.034985602
-0.034985602,-0.034985602
-0.034985602,-0.034985602
-0.034985602,-0.034985602
-0.034985602,-0.034985602
-0.034985602,-0.034985602
-0.034985602,-0.034985602
-0.034985602,-0.034985602
-0.034985602,-0.034985602
-0.034985602,-0.034985602
-0.034985602,-0.034985602
-0.034985602,-0.034985602
-0.034985602,-0.034985602
-0.034985602,-0.034985602
-0.034985602,-0.034985602
-0.034985602,-0.034985602
-0.034985602,-0.034985602
-0.034985602,-0.034985602
-0.034985602,-0.034985602
-0.034985602,-0.034985602
-0.034985602,-0.034985602
-0.034985602,-0.034985602
-0.034985602,-0.034985602
-0.034985602,-0.034985602
-0.034985602,-0.034985602
-0.034985602,-0.034985602
-0.034985602,-0.034985602
-0.034985602,-0.034985602
-0.034985602,-0.034985602
-0.034985602,-0.034985602
-0.034985602,-0.034985602
-0.034985602,-0.034985602
-0.034985602,-0.034985602
-0.034985602,-0.034985602
-0.034985602,-0.034985602
-0.034985602,-0.034985602
-0.034985602,-0.034985602
-0.034985602,-0.034985602
-0.034985602,-0.034985602
-0.034985602,-0.034985602
-0.034985602,-0.034985602
-0.034985602,-0.034985602
-0.034985602,-0.034985602
-0.034985602,-0.034985602
-0.034985602,-0.034985602
-0.034985602,-0.034985602
-0.034985602,-0.034985602
-0.034985602,-0.034985602
-0.034985602,-0.034985602
-0.034985602,-0.034985602
-0.034985602,-0.034985602
-0.034985602,-0.034985602
-0.034985602,-0.034985602
-0.034985602,-0.034985602
-0.034985602,-0.034985602
-0.034985602,-0.034985602
-0.034985602,-0.034985602
-0.034985602,-0.034985602
-0.034985602,-0.034985602
-0.034985602,-0.034985602
-0.034985602,-0.034985602
-0.034985602,-0.034985602
-0.034985602,-0.034985602
-0.034985602,-0.034985602
-0.034985602,-0.034985602
-0.034985602,-0.034985602
-0.034985602,-0.034985602
-0.034985602,-0.034985602
-0.034985602,-0.034985602
-0.034985602,-0.034985602
-0.034985602,-0.034985602
-0.034985602,-0.034985602
-0.034985602,-0.034985602
-0.034985602,-0.034985602
-0.034985602,-0.034985602
-0.034985602,-0.034985602
-0.034985602,-0.034985602
-0.034985602,-0.034985602
-0.034985602,-0.034985602
-0.034985602,-0.034985602
-0.034985602,-0.034985602
-0.034985602,-0.034985602
-0.034985602,-0.034985602
-0.034985602,-0.034985602
-0.034985602,-0.034985602
-0.034985602,-0.034985602
-0.034985602,-0.034985602
-0.034985602,-0.034985602
-0.034985602,-0.034985602
-0.034985602,-0.034985602
-0.034985602,-0.034985602
-0.034985602,-0.034985602
-0.034985602,-0.034985602
-0.034985602,-0.034985602
-0.034985602,-0.034985602
-0.034985602,-0.034985602
-0.034985602,-0.034985602
-0.034985602,-0.034985602
-0.034985602,-0.034985602
-0.034985602,-0.034985602
-0.034985602,-0.034985602
-0.034985602,-0.034985602
-0.034985602,-0.034985602
-0.034985602,-0.034985602
-0.034985602,-0.034985602
-0.034985602,-0.034985602
-0.034985602,-0.034985602
-0.034985602,-0.034985602
-0.034985602,-0.034985602
-0.034985602,-0.034985602
-0.034985602,-0.034985602
-0.034985602,-0.034985602
-0.034985602,-0.034985602
-0.034985602,-0.034985602
-0.034985602,-0.034985602
-0.034985602,-0.034985602
-0.034985602,-0.034985602
-0.034985602,-0.034985602
-0.034985602,-0.034985602
-0.034985602,-0.034985602
-0.034985602,-0.034985602
-0.034985602,-0.034985602
-0.034985602,-0.034985602
-0.034985602,-0.034985602
-0.034985602,-0.034985602
-0.034985602,-0.034985602
-0.034985602,-0.034985602
-0.034985602,-0.034985602
-0.034985602,-0.034985602
-0.034985602,-0.034985602
-0.034985602,-0.034985602
-0.034985602,-0.034985602
-0.034985602,-0.034985602
-0.034985602,-0.034985602
-0.034985602,-0.034985602
-0.034985602,-0.034985602
-0.034985602,-0.034985602
-0.034985602,-0.034985602
-0.034985602,-0.034985602
-0.034985602,-0.034985602
-0.034985602,-0.034985602
-0.034985602,-0.034985602
-0.034985602,-0.034985602
-0.034985602,-0.034985602
-0.034985602,-0.034985602
-0.034985602,-0.034985602
-0.034985602,-0.034985602
-0.034985602,-0.034985602
-0.034985602,-0.034985602
-0.034985602,-0.034985602
-0.034985602,-0.034985602
-0.034985602,-0.034985602
-0.034985602,-0.034985602
-0.034985602,-0.034985602
-0.034985602,-0.034985602
-0.034985602,-0.034985602
-0.034985602,-0.034985602
-0.034985602,-0.034985602
-0.034985602,-0.034985602
-0.034985602,-0.034985602
-0.034985602,-0.034985602
-0.034985602,-0.034985602
-0.034985602,-0.034985602
-0.034985602,-0.034985602
-0.034985602,-0.034985602
-0.034985602,-0.034985602
-0.034985602,-0.034985602
-0.034985602,-0.034985602
-0.034985602,-0.034985602
-0.034985602,-0.034985602
-0.034985602,-0.034985602
-0.034985602,-0.034985602
-0.034985602,-0.034985602
-0.034985602,-0.034985602
-0.034985602,-0.034985602
-0.034985602,-0.034985602
-0.034985602,-0.034985602
-0.034985602,-0.034985602
-0.034985602,-0.034985602
-0.034985602,-0.034985602
-0.034985602,-0.034985602
-0.034985602,-0.034985602
-0.034985602,-0.034985602
-0.034985602,-0.034985602
-0.034985602,-0.034985602
-0.034985602,-0.034985602
-0.034985602,-0.034985602
-0.034985602,-0.034985602
-0.034985602,-0.034985602
-0.034985602,-0.034985602
-0.034985602,-0.034985602
-0.034985602,-0.034985602
-0.034985602,-0.034985602
-0.034985602,-0.034985602
-0.034985602,-0.034985602
-0.034985602,-0.034985602
-0.034985602,-0.034985602
-0.034985602,-0.034985602
-0.034985602,-0.034985602
-0.034985602,-0.034985602
-0.034985602,-0.034985602
-0.034985602,-0.034985602
-0.034985602,-0.034985602
-0.034985602,-0.034985602
-0.034985602,-0.034985602
-0.034985602,-0.034985602
-0.034985602,-0.034985602
-0.034985602,-0.034985602
-0.034985602,-0.034985602
-0.034985602,-0.034985602
-0.034985602,-0.034985602
-0.034985602,-0.034985602
-0.034985602,-0.034985602
-0.8349454,-0.8349454
-0.8349454,-0.8349454
-0.8349454,-0.8349454
-0.8349454,-0.8349454
-0.8349454,-0.8349454
-0.8349454,-0.8349454
-0.8349454,-0.8349454
-0.8349454,-0.8349454
-0.8349454,-0.8349454
-0.8349454,-0.8349454
-0.8349454,-0.8349454
-0.8349454,-0.8349454
-0.8349454,-0.8349454
-0.8349454,-0.8349454
-0.8349454,-0.8349454
-0.8349454,-0.8349454
-0.8349454,-0.8349454
-0.8349454,-0.8349454
-0.8349454,-0.8349454
-0.8349454,-0.8349454
-0.8349454,-0.8349454
-0.8349454,-0.8349454
-0.8349454,-0.8349454
-0.8349454,-0.8349454
-0.8349454,-0.8349454
-0.8349454,-0.8349454
-0.8349454,-0.8349454
-0.8349454,-0.8349454
-0.8349454,-0.8349454
-0.8349454,-0.8349454
-0.8349454,-0.8349454
-0.8349454,-0.8349454
-0.8349454,-0.8349454
-0.8349454,-0.8349454
-0.8349454,-0.8349454
-0.8349454,-0.8349454
-0.8349454,-0.8349454
-0.8349454,-0.8349454
-0.8349454,-0.8349454
-0.8349454,-0.8349454
-0.8349454,-0.8349454
-0.8349454,-0.8349454
-0.8349454,-0.8349454
-0.8349454,-0.8349454
-0.8349454,-0.8349454
-0.8349454,-0.8349454
-0.8349454,-0.8349454
-0.8349454,-0.8349454
-0.8349454,-0.8349454
-0.034985602,-0.034985602
-0.034985602,-0.034985602
-0.034985602,-0.034985602
-0.034985602,-0.034985602
-0.27690417,-0.27690417
-0.27690417,-0.27690417
-0.27690417,-0.27690417
-0.27690417,-0.27690417
-0.27690417,-0.27690417
-0.27690417,-0.27690417
-0.27690417,-0.27690417
-0.27690417,-0.27690417
-0.27690417,-0.27690417
-0.27690417,-0.27690417
-0.27690417,-0.27690417
-0.27690417,-0.27690417
-0.27690417,-0.27690417
-0.27690417,-0.27690417
-0.27690417,-0.27690417
-0.27690417,-0.27690417
-0.27690417,-0.27690417
-0.27690417,-0.27690417
-0.27690417,-0.27690417
-0.27690417,-0.27690417
-0.27690417,-0.27690417
-0.27690417,-0.27690417
-0.27690417,-0.27690417
-0.27690417,-0.27690417
-0.27690417,-0.27690417
-0.27690417,-0.27690417
-0.27690417,-0.27690417
-0.27690417,-0.27690417
-0.27690417,-0.27690417
-0.27690417,-0.27690417
-0.27690417,-0.27690417
-0.27690417,-0.27690417
-0.27690417,-0.27690417
-0.27690417,-0.27690417
-0.27690417,-0.27690417
-0.27690417,-0.27690417
-0.27690417,-0.27690417
-0.27690417,-0.27690417
-0.27690417,-0.27690417
-0.27690417,-0.27690417
-0.27690417,-0.27690417
-0.27690417,-0.27690417
-0.27690417,-0.27690417
-0.27690417,-0.27690417
-0.27690417,-0.27690417
-0.27690417,-0.27690417
-0.27690417,-0.27690417
-0.27690417,-0.27690417
-0.27690417,-0.27690417
-0.27690417,-0.27690417
-0.27690417,-0.27690417
-0.27690417,-0.27690417
-0.27690417,-0.27690417
-0.27690417,-0.27690417
-0.27690417,-0.27690417
-0.27690417,-0.27690417
-0.27690417,-0.27690417
-0.27690417,-0.27690417
-0.27690417,-0.27690417
-0.27690417,-0.27690417
-0.27690417,-0.27690417
-0.27690417,-0.27690417
-0.27690417,-0.27690417
-0.27690417,-0.27690417
-0.27690417,-0.27690417
-0.27690417,-0.27690417
-0.27690417,-0.27690417
-0.27690417,-0.27690417
-0.27690417,-0.27690417
-0.27690417,-0.27690417
-0.27690417,-0.27690417
-0.27690417,-0.27690417
-0.27690417,-0.27690417
-0.27690417,-0.27690417
-0.27690417,-0.27690417
-0.27690417,-0.27690417
-0.27690417,-0.27690417
-0.27690417,-0.27690417
-0.27690417,-0.27690417
-0.27690417,-0.27690417
-0.27690417,-0.27690417
-0.27690417,-0.27690417
-0.27690417,-0.27690417
-0.27690417,-0.27690417
-0.27690417,-0.27690417
-0.27690417,-0.27690417
-0.27690417,-0.27690417
-0.27690417,-0.27690417
-0.27690417,-0.27690417
-0.27690417,-0.27690417
-0.27690417,-0.27690417
-0.27690417,-0.27690417
-0.27690417,-0.27690417
-0.27690417,-0.27690417
-0.27690417,-0.27690417
-0.27690417,-0.27690417
-0.27690417,-0.27690417
-0.27690417,-0.27690417
-0.034985602,-0.034985602
-0.034985602,-0.034985602
-0.034985602,-0.034985602
-0.034985602,-0.034985602
-0.034985602,-0.034985602
-0.034985602,-0.034985602
-0.034985602,-0.034985602
-0.034985602,-0.034985602
-0.034985602,-0.034985602
-0.034985602,-0.034985602
-0.034985602,-0.034985602
-0.034985602,-0.034985602
-0.034985602,-0.034985602
-0.034985602,-0.034985602
-0.034985602,-0.034985602
-0.034985602,-0.034985602
-0.034985602,-0.034985602
-0.034985602,-0.034985602
-0.034985602,-0.034985602
-0.034985602,-0.034985602
-0.034985602,-0.034985602
-0.034985602,-0.034985602
-0.034985602,-0.034985602
-0.034985602,-0.034985602
-0.034985602,-0.034985602
-0.034985602,-0.034985602
-0.034985602,-0.034985602
-0.034985602,-0.034985602
-0.034985602,-0.034985602
-0.034985602,-0.034985602
-0.034985602,-0.034985602
-0.034985602,-0.034985602
-0.034985602,-0.034985602
-0.034985602,-0.034985602
-0.034985602,-0.034985602
-0.034985602,-0.034985602
-0.034985602,-0.034985602
-0.034985602,-0.034985602
-0.034985602,-0.034985602
-0.034985602,-0.034985602
-0.034985602,-0.034985602
-0.034985602,-0.034985602
-0.034985602,-0.034985602
-0.034985602,-0.034985602
-0.034985602,-0.034985602
-0.034985602,-0.034985602
-0.034985602,-0.034985602
-0.034985602,-0.034985602
-0.034985602,-0.034985602
-0.034985602,-0.034985602
-0.034985602,-0.034985602
-0.034985602,-0.034985602
-0.034985602,-0.034985602
-0.034985602,-0.034985602
-0.034985602,-0.034985602
-0.034985602,-0.034985602
-0.034985602,-0.034985602
-0.034985602,-0.034985602
-0.034985602,-0.034985602
-0.034985602,-0.034985602
-0.034985602,-0.034985602
-0.034985602,-0.034985602
-0.034985602,-0.034985602
-0.034985602,-0.034985602
-0.034985602,-0.034985602
-0.034985602,-0.034985602
-0.034985602,-0.034985602
-0.034985602,-0.034985602
-0.034985602,-0.034985602
-0.034985602,-0.034985602
-0.034985602,-0.034985602
-0.034985602,-0.034985602
-0.034985602,-0.034985602
-0.034985602,-0.034985602
-0.034985602,-0.034985602
-0.034985602,-0.034985602
-0.034985602,-0.034985602
-0.034985602,-0.034985602
-0.034985602,-0.034985602
-0.034985602,-0.034985602
-0.034985602,-0.034985602
-0.034985602,-0.034985602
-0.034985602,-0.034985602
-0.034985602,-0.034985602
-0.6726957,-0.6726957
-0.6726957,-0.6726957
-0.6726957,-0.6726957
-0.6726957,-0.6726957
-0.6726957,-0.6726957
-0.6726957,-0.6726957
-0.6726957,-0.6726957
-0.6726957,-0.6726957
-0.6726957,-0.6726957
-0.6726957,-0.6726957
-0.6726957,-0.6726957
-0.6726957,-0.6726957
-0.6726957,-0.6726957
-0.6726957,-0.6726957
-0.6726957,-0.6726957
-0.6726957,-0.6726957
-0.6726957,-0.6726957
-0.6726957,-0.6726957
-0.6726957,-0.6726957
-0.6726957,-0.6726957
-0.6726957,-0.6726957
-0.6726957,-0.6726957
-0.6726957,-0.6726957
-0.6726957,-0.6726957
-0.6726957,-0.6726957
-0.6726957,-0.6726957
-0.6726957,-0.6726957
-0.6726957,-0.6726957
-0.6726957,-0.6726957
-0.6726957,-0.6726957
-0.6726957,-0.6726957
-0.6726957,-0.6726957
-0.6726957,-0.6726957
-0.6726957,-0.6726957
-0.6726957,-0.6726957
-0.6726957,-0.6726957
-0.6726957,-0.6726957
-0.6726957,-0.6726957
-0.6726957,-0.6726957
-0.6726957,-0.6726957
-0.6726957,-0.6726957
-0.6726957,-0.6726957
-0.6726957,-0.6726957
-0.6726957,-0.6726957
-0.6726957,-0.6726957
-0.6726957,-0.6726957
-0.6726957,-0.6726957
-0.6726957,-0.6726957
-0.6726957,-0.6726957
-0.6726957,-0.6726957
-0.6726957,-0.6726957
-0.6726957,-0.6726957
-0.6726957,-0.6726957
-0.6726957,-0.6726957
-0.6726957,-0.6726957
-0.6726957,-0.6726957
-0.6726957,-0.6726957
-0.6726957,-0.6726957
-0.6726957,-0.6726957
-0.6726957,-0.6726957
-0.6726957,-0.6726957
-0.6726957,-0.6726957
-0.6726957,-0.6726957
-0.6726957,-0.6726957
-0.6726957,-0.6726957
-0.6726957,-0.6726957
-0.6726957,-0.6726957
-0.6726957,-0.6726957
-0.6726957,-0.6726957
-0.6726957,-0.6726957
-0.6726957,-0.6726957
-0.6726957,-0.6726957
-0.6726957,-0.6726957
-0.6726957,-0.6726957
-0.6726957,-0.6726957
-0.6726957,-0.6726957
-0.6726957,-0.6726957
-0.6726957,-0.6726957
-0.6726957,-0.6726957
-0.6726957,-0.6726957
-0.6726957,-0.6726957
-0.6726957,-0.6726957
-0.6726957,-0.6726957
-0.6726957,-0.6726957
-0.6726957,-0.6726957
-0.6726957,-0.6726957
-0.6726957,-0.6726957
-0.6726957,-0.6726957
-0.6726957,-0.6726957
-0.6726957,-0.6726957
-0.6726957,-0.6726957
-0.6726957,-0.6726957
-0.6726957,-0.6726957
-0.6726957,-0.6726957
-0.6726957,-0.6726957
-0.6726957,-0.6726957
-0.6726957,-0.6726957
-0.6726957,-0.6726957
-0.6726957,-0.6726957
-0.6726957,-0.6726957
-0.6726957,-0.6726957
-0.6726957,-0.6726957
-0.6726957,-0.6726957
-0.6726957,-0.6726957
-0.6726957,-0.6726957
-0.6726957,-0.6726957
-0.6726957,-0.6726957
-0.6726957,-0.6726957
-0.6726957,-0.6726957
-0.6726957,-0.6726957
-0.6726957,-0.6726957
-0.6726957,-0.6726957
-0.6726957,-0.6726957
-0.6726957,-0.6726957
-0.6726957,-0.6726957
-0.6726957,-0.6726957
-0.6726957,-0.6726957
-0.6726957,-0.6726957
-0.6726957,-0.6726957
-0.6726957,-0.6726957
-0.6726957,-0.6726957
-0.6726957,-0.6726957
-0.6726957,-0.6726957
-0.6726957,-0.6726957
-0.6726957,-0.6726957
-0.6726957,-0.6726957
-0.6726957,-0.6726957
-0.6726957,-0.6726957
-0.6726957,-0.6726957
-0.6726957,-0.6726957
-0.6726957,-0.6726957
-0.6726957,-0.6726957
-0.6726957,-0.6726957
-0.6726957,-0.6726957
-0.6726957,-0.6726957
-0.6726957,-0.6726957
-0.6726957,-0.6726957
-0.6726957,-0.6726957
-0.6726957,-0.6726957
-0.6726957,-0.6726957
-0.6726957,-0.6726957
-0.6726957,-0.6726957
-0.6726957,-0.6726957
-0.6726957,-0.6726957
-0.6726957,-0.6726957
-0.6726957,-0.6726957
-0.6726957,-0.6726957
-0.6726957,-0.6726957
-0.6726957,-0.6726957
-0.6726957,-0.6726957
-0.6726957,-0.6726957
-0.6726957,-0.6726957
-0.6726957,-0.6726957
-0.6726957,-0.6726957
-0.6726957,-0.6726957
-0.6726957,-0.6726957
-0.6726957,-0.6726957
-0.6726957,-0.6726957
-0.6726957,-0.6726957
-0.6726957,-0.6726957
-0.6726957,-0.6726957
-0.6726957,-0.6726957
-0.6726957,-0.6726957
-0.6726957,-0.6726957
-0.6726957,-0.6726957
-0.6726957,-0.6726957
-0.6726957,-0.6726957
-0.6726957,-0.6726957
-0.6726957,-0.6726957
-0.6726957,-0.6726957
-0.6726957,-0.6726957
-0.6726957,-0.6726957
-0.6726957,-0.6726957
-0.6726957,-0.6726957
-0.6726957,-0.6726957
-0.6726957,-0.6726957
-0.6726957,-0.6726957
-0.6726957,-0.6726957
-0.6726957,-0.6726957
-0.6726957,-0.6726957
-0.6726957,-0.6726957
-0.6726957,-0.6726957
-0.6726957,-0.6726957
-0.6726957,-0.6726957
-0.6726957,-0.6726957
-0.6726957,-0.6726957
-0.6726957,-0.6726957
-0.6726957,-0.6726957
-0.6726957,-0.6726957
-0.6726957,-0.6726957
-0.6726957,-0.6726957
-0.6726957,-0.6726957
-0.6726957,-0.6726957
-0.6726957,-0.6726957
-0.6726957,-0.6726957
-0.6726957,-0.6726957
-0.6726957,-0.6726957
-0.6726957,-0.6726957
-0.6726957,-0.6726957
-0.6726957,-0.6726957
-0.6726957,-0.6726957
-0.6726957,-0.6726957
-0.6726957,-0.6726957
-0.6726957,-0.6726957
-0.6726957,-0.6726957
-0.6726957,-0.6726957
-0.6726957,-0.6726957
-0.6726957,-0.6726957
-0.6726957,-0.6726957
-0.6726957,-0.6726957
-0.6726957,-0.6726957
-0.6726957,-0.6726957
-0.6726957,-0.6726957
-0.6726957,-0.6726957
-0.6726957,-0.6726957
-0.6726957,-0.6726957
-0.6726957,-0.6726957
-0.6726957,-0.6726957
-0.6726957,-0.6726957
-0.6726957,-0.6726957
-0.6726957,-0.6726957
-0.6726957,-0.6726957
-0.6726957,-0.6726957
-0.6726957,-0.6726957
-0.6726957,-0.6726957
-0.6726957,-0.6726957
-0.6726957,-0.6726957
-0.6726957,-0.6726957
-0.6726957,-0.6726957
-0.6726957,-0.6726957
-0.6726957,-0.6726957
-0.6726957,-0.6726957
-0.6726957,-0.6726957
-0.6726957,-0.6726957
-0.6726957,-0.6726957
-0.6726957,-0.6726957
-0.6726957,-0.6726957
-0.6726957,-0.6726957
-0.6726957,-0.6726957
-0.6726957,-0.6726957
-0.6726957,-0.6726957
-0.6726957,-0.6726957
-0.6726957,-0.6726957
-0.6726957,-0.6726957
-0.6726957,-0.6726957
-0.6726957,-0.6726957
-0.6726957,-0.6726957
-0.6726957,-0.6726957
-0.6726957,-0.6726957
-0.6726957,-0.6726957
-0.6726957,-0.6726957
-0.6726957,-0.6726957
-0.6726957,-0.6726957
-0.6726957,-0.6726957
-0.6726957,-0.6726957
-0.6726957,-0.6726957
-0.6726957,-0.6726957
-0.6726957,-0.6726957
-0.6726957,-0.6726957
-0.6726957,-0.6726957
-0.6726957,-0.6726957
-0.6726957,-0.6726957
-0.6726957,-0.6726957
-0.6726957,-0.6726957
-0.6726957,-0.6726957
-0.6726957,-0.6726957
-0.6726957,-0.6726957
-0.6726957,-0.6726957
-0.6726957,-0.6726957
-0.6726957,-0.6726957
-0.6726957,-0.6726957
-0.6726957,-0.6726957
-0.6726957,-0.6726957
-0.6726957,-0.6726957
-0.6726957,-0.6726957
-0.6726957,-0.6726957
-0.6726957,-0.6726957
-0.6726957,-0.6726957
-0.6726957,-0.6726957
-0.6726957,-0.6726957
-0.6726957,-0.6726957
-0.6726957,-0.6726957
-0.6726957,-0.6726957
-0.6726957,-0.6726957
-0.6726957,-0.6726957
-0.6726957,-0.6726957
-0.6726957,-0.6726957
-0.6726957,-0.6726957
-0.6726957,-0.6726957
-0.6726957,-0.6726957
-0.6726957,-0.6726957
-0.6726957,-0.6726957
-0.6726957,-0.6726957
-0.6726957,-0.6726957
-0.6726957,-0.6726957
-0.6726957,-0.6726957
-0.6726957,-0.6726957
-0.6726957,-0.6726957
-0.6726957,-0.6726957
-0.6726957,-0.6726957
-0.6726957,-0.6726957
-0.6726957,-0.6726957
-0.034985602,-0.034985602
-0.034985602,-0.034985602
-0.034985602,-0.034985602
-0.034985602,-0.034985602
-0.034985602,-0.034985602
-0.034985602,-0.034985602
-0.034985602,-0.034985602
-0.034985602,-0.034985602
-0.034985602,-0.034985602
-0.034985602,-0.034985602
-0.034985602,-0.034985602
-0.034985602,-0.034985602
-0.034985602,-0.034985602
-0.034985602,-0.034985602
-0.034985602,-0.034985602
-0.034985602,-0.034985602
-0.034985602,-0.034985602
-0.034985602,-0.034985602
-0.034985602,-0.034985602
-0.034985602,-0.034985602
-0.034985602,-0.034985602
-0.034985602,-0.034985602
-0.034985602,-0.034985602
-0.034985602,-0.034985602
-0.034985602,-0.034985602
-0.034985602,-0.034985602
-0.034985602,-0.034985602
-0.034985602,-0.034985602
-0.034985602,-0.034985602
-0.034985602,-0.034985602
-0.034985602,-0.034985602
-0.034985602,-0.034985602
-0.034985602,-0.034985602
-0.034985602,-0.034985602
-0.034985602,-0.034985602
-0.034985602,-0.034985602
-0.034985602,-0.034985602
-0.034985602,-0.034985602
-0.034985602,-0.034985602
-0.034985602,-0.034985602
-0.034985602,-0.034985602
-0.034985602,-0.034985602
-0.034985602,-0.034985602
-0.034985602,-0.034985602
-0.034985602,-0.034985602
-0.034985602,-0.034985602
-0.034985602,-0.034985602
-0.034985602,-0.034985602
-0.034985602,-0.034985602
-0.034985602,-0.034985602
-0.034985602,-0.034985602
-0.034985602,-0.034985602
-0.034985602,-0.034985602
-0.034985602,-0.034985602
-0.034985602,-0.034985602
-0.034985602,-0.034985602
-0.034985602,-0.034985602
-0.034985602,-0.034985602
-0.034985602,-0.034985602
-0.034985602,-0.034985602
-0.034985602,-0.034985602
-0.034985602,-0.034985602
-0.034985602,-0.034985602
-0.034985602,-0.034985602
-0.034985602,-0.034985602
-0.034985602,-0.034985602
-0.034985602,-0.034985602
-0.034985602,-0.034985602
-0.034985602,-0.034985602
-0.034985602,-0.034985602
-0.034985602,-0.034985602
-0.034985602,-0.034985602
-0.034985602,-0.034985602
-0.034985602,-0.034985602
-0.034985602,-0.034985602
-0.034985602,-0.034985602
-0.034985602,-0.034985602
-0.034985602,-0.034985602
-0.034985602,-0.034985602
-0.034985602,-0.034985602
-0.034985602,-0.034985602
-0.034985602,-0.034985602
-0.034985602,-0.034985602
-0.034985602,-0.034985602
-0.034985602,-0.034985602
-0.034985602,-0.034985602
-0.034985602,-0.034985602
-0.034985602,-0.034985602
-0.034985602,-0.034985602
-0.034985602,-0.034985602
-0.034985602,-0.034985602
-0.034985602,-0.034985602
-0.034985602,-0.034985602
-0.034985602,-0.034985602
-0.034985602,-0.034985602
-0.034985602,-0.034985602
-0.034985602,-0.034985602
-0.034985602,-0.034985602
-0.034985602,-0.034985602
-0.034985602,-0.034985602
-0.034985602,-0.034985602
-0.034985602,-0.034985602
-0.034985602,-0.034985602
-0.034985602,-0.034985602
-0.034985602,-0.034985602
-0.034985602,-0.034985602
-0.034985602,-0.034985602
-0.034985602,-0.034985602
-0.034985602,-0.034985602
-0.034985602,-0.034985602
-0.034985602,-0.034985602
-0.034985602,-0.034985602
-0.034985602,-0.034985602
-0.034985602,-0.034985602
-0.034985602,-0.034985602
-0.034985602,-0.034985602
-0.034985602,-0.034985602
-0.034985602,-0.034985602
-0.034985602,-0.034985602
-0.034985602,-0.034985602
-0.034985602,-0.034985602
-0.034985602,-0.034985602
-0.034985602,-0.034985602
-0.034985602,-0.034985602
-0.034985602,-0.034985602
-0.034985602,-0.034985602
-0.034985602,-0.034985602
-0.034985602,-0.034985602
-0.034985602,-0.034985602
-0.034985602,-0.034985602
-0.034985602,-0.034985602
-0.034985602,-0.034985602
-0.034985602,-0.034985602
-0.034985602,-0.034985602
-0.034985602,-0.034985602
-0.034985602,-0.034985602
-0.034985602,-0.034985602
-0.034985602,-0.034985602
-0.034985602,-0.034985602
-0.034985602,-0.034985602
-0.034985602,-0.034985602
-0.034985602,-0.034985602
-0.034985602,-0.034985602
-0.034985602,-0.034985602
-0.034985602,-0.034985602
-0.034985602,-0.034985602
-0.034985602,-0.034985602
-0.034985602,-0.034985602
-0.034985602,-0.034985602
-0.034985602,-0.034985602
-0.034985602,-0.034985602
-0.034985602,-0.034985602
-0.034985602,-0.034985602
-0.034985602,-0.034985602
-0.034985602,-0.034985602
-0.034985602,-0.034985602
-0.034985602,-0.034985602
-0.034985602,-0.034985602
-0.034985602,-0.034985602
-0.034985602,-0.034985602
-0.034985602,-0.034985602
-0.034985602,-0.034985602
-0.034985602,-0.034985602
-0.034985602,-0.034985602
-0.034985602,-0.034985602
-0.034985602,-0.034985602
-0.034985602,-0.034985602
-0.034985602,-0.034985602
-0.034985602,-0.034985602
-0.034985602,-0.034985602
-0.034985602,-0.034985602
-0.034985602,-0.034985602
-0.034985602,-0.034985602
-0.034985602,-0.034985602
-0.034985602,-0.034985602
-0.034985602,-0.034985602
-0.034985602,-0.034985602
-0.034985602,-0.034985602
-0.034985602,-0.034985602
-0.034985602,-0.034985602
-0.034985602,-0.034985602
-0.034985602,-0.034985602
-0.034985602,-0.034985602
-0.034985602,-0.034985602
-0.034985602,-0.034985602
-0.034985602,-0.034985602
-0.034985602,-0.034985602
-0.034985602,-0.034985602
-0.034985602,-0.034985602
-0.034985602,-0.034985602
-0.034985602,-0.034985602
-0.034985602,-0.034985602
-0.034985602,-0.034985602
-0.034985602,-0.034985602
-0.034985602,-0.034985602
-0.034985602,-0.034985602
-0.034985602,-0.034985602
-0.034985602,-0.034985602
-0.034985602,-0.034985602
-0.034985602,-0.034985602
-0.034985602,-0.034985602
-0.034985602,-0.034985602
-0.034985602,-0.034985602
-0.034985602,-0.034985602
-0.034985602,-0.034985602
-0.034985602,-0.034985602
-0.034985602,-0.034985602
-0.034985602,-0.034985602
-0.034985602,-0.034985602
-0.034985602,-0.034985602
-0.034985602,-0.034985602
-0.034985602,-0.034985602
-0.034985602,-0.034985602
-0.034985602,-0.034985602
-0.034985602,-0.034985602
-0.034985602,-0.034985602
-0.034985602,-0.034985602
-0.034985602,-0.034985602
-0.034985602,-0.034985602
-0.034985602,-0.034985602
-0.034985602,-0.034985602
-0.034985602,-0.034985602
-0.034985602,-0.034985602
-0.034985602,-0.034985602
-0.034985602,-0.034985602
-0.034985602,-0.034985602
-0.034985602,-0.034985602
-0.034985602,-0.034985602
-0.034985602,-0.034985602
-0.034985602,-0.034985602
-0.034985602,-0.034985602
-0.034985602,-0.034985602
-0.034985602,-0.034985602
-0.034985602,-0.034985602
-0.034985602,-0.034985602
-0.034985602,-0.034985602
-0.034985602,-0.034985602
-0.034985602,-0.034985602
-0.034985602,-0.034985602
-0.034985602,-0.034985602
-0.034985602,-0.034985602
-0.034985602,-0.034985602
-0.034985602,-0.034985602
-0.034985602,-0.034985602
-0.034985602,-0.034985602
-0.034985602,-0.034985602
-0.034985602,-0.034985602
-0.034985602,-0.034985602
-0.034985602,-0.034985602
-0.034985602,-0.034985602
-0.034985602,-0.034985602
-0.034985602,-0.034985602
-0.034985602,-0.034985602
-0.034985602,-0.034985602
-0.034985602,-0.034985602
-0.034985602,-0.034985602
-0.034985602,-0.034985602
-0.034985602,-0.034985602
-0.034985602,-0.034985602
-0.034985602,-0.034985602
-0.034985602,-0.034985602
-0.034985602,-0.034985602
-0.034985602,-0.034985602
-0.034985602,-0.034985602
-0.034985602,-0.034985602
-0.034985602,-0.034985602
-0.034985602,-0.034985602
-0.034985602,-0.034985602
-0.034985602,-0.034985602
-0.034985602,-0.034985602
-0.034985602,-0.034985602
-0.034985602,-0.034985602
-0.034985602,-0.034985602
-0.034985602,-0.034985602
-0.034985602,-0.034985602
-0.034985602,-0.034985602
-0.034985602,-0.034985602
-0.034985602,-0.034985602
-0.034985602,-0.034985602
-0.034985602,-0.034985602
-0.034985602,-0.034985602
-0.034985602,-0.034985602
-0.034985602,-0.034985602
-0.034985602,-0.034985602
-0.034985602,-0.034985602
-0.034985602,-0.034985602
-0.034985602,-0.034985602
-0.034985602,-0.034985602
-0.034985602,-0.034985602
-0.034985602,-0.034985602
-0.034985602,-0.034985602
-0.034985602,-0.034985602
-0.034985602,-0.034985602
-0.034985602,-0.034985602
-0.034985602,-0.034985602
-0.034985602,-0.034985602
-0.034985602,-0.034985602
-0.034985602,-0.034985602
-0.034985602,-0.034985602
-0.034985602,-0.034985602
-0.034985602,-0.034985602
-0.034985602,-0.034985602
-0.034985602,-0.034985602
-0.034985602,-0.034985602
-0.034985602,-0.034985602
-0.034985602,-0.034985602
-0.034985602,-0.034985602
-0.034985602,-0.034985602
-0.034985602,-0.034985602
-0.034985602,-0.034985602
-0.034985602,-0.034985602
-0.034985602,-0.034985602
-0.034985602,-0.034985602
-0.034985602,-0.034985602
-0.034985602,-0.034985602
-0.034985602,-0.034985602
-0.034985602,-0.034985602
-0.034985602,-0.034985602
-0.034985602,-0.034985602
-0.034985602,-0.034985602
-0.034985602,-0.034985602
-0.034985602,-0.034985602
-0.034985602,-0.034985602
-0.034985602,-0.034985602
-0.034985602,-0.034985602
-0.034985602,-0.034985602
-0.034985602,-0.034985602
-0.034985602,-0.034985602
-0.034985602,-0.034985602
-0.034985602,-0.034985602
-0.034985602,-0.034985602
-0.034985602,-0.034985602
-0.034985602,-0.034985602
-0.034985602,-0.034985602
-0.034985602,-0.034985602
-0.034985602,-0.034985602
-0.034985602,-0.034985602
-0.034985602,-0.034985602
-0.034985602,-0.034985602
-0.034985602,-0.034985602
-0.034985602,-0.034985602
-0.034985602,-0.034985602
-0.034985602,-0.034985602
-0.034985602,-0.034985602
-0.034985602,-0.034985602
-0.034985602,-0.034985602
-0.034985602,-0.034985602
-0.034985602,-0.034985602
-0.034985602,-0.034985602
-0.034985602,-0.034985602
-0.034985602,-0.034985602
-0.034985602,-0.034985602
-0.034985602,-0.034985602
-0.034985602,-0.034985602
-0.034985602,-0.034985602
-0.034985602,-0.034985602
-0.034985602,-0.034985602
-0.034985602,-0.034985602
-0.034985602,-0.034985602
-0.034985602,-0.034985602
-0.034985602,-0.034985602
-0.034985602,-0.034985602
-0.034985602,-0.034985602
-0.034985602,-0.034985602
-0.034985602,-0.034985602
-0.034985602,-0.034985602
-0.034985602,-0.034985602
-0.034985602,-0.034985602
-0.034985602,-0.034985602
-0.034985602,-0.034985602
-0.034985602,-0.034985602
-0.034985602,-0.034985602
-0.034985602,-0.034985602
-0.034985602,-0.034985602
-0.034985602,-0.034985602
-0.034985602,-0.034985602
-0.034985602,-0.034985602
-0.034985602,-0.034985602
-0.034985602,-0.034985602
-0.034985602,-0.034985602
-0.034985602,-0.034985602
-0.034985602,-0.034985602
-0.034985602,-0.034985602
-0.034985602,-0.034985602
-0.034985602,-0.034985602
-0.034985602,-0.034985602
-0.034985602,-0.034985602
-0.034985602,-0.034985602
-0.034985602,-0.034985602
-0.034985602,-0.034985602
-0.034985602,-0.034985602
-0.034985602,-0.034985602
-0.034985602,-0.034985602
-0.034985602,-0.034985602
-0.034985602,-0.034985602
-0.034985602,-0.034985602
-0.034985602,-0.034985602
-0.034985602,-0.034985602
-0.034985602,-0.034985602
-0.034985602,-0.034985602
-0.034985602,-0.034985602
-0.034985602,-0.034985602
-0.034985602,-0.034985602
-0.034985602,-0.034985602
-0.034985602,-0.034985602
-0.034985602,-0.034985602
-0.034985602,-0.034985602
-0.034985602,-0.034985602
-0.034985602,-0.034985602
-0.034985602,-0.034985602
-0.034985602,-0.034985602
-0.034985602,-0.034985602
-0.034985602,-0.034985602
-0.034985602,-0.034985602
-0.034985602,-0.034985602
-0.034985602,-0.034985602
-0.034985602,-0.034985602
-0.034985602,-0.034985602
-0.034985602,-0.034985602
-0.034985602,-0.034985602
-0.034985602,-0.034985602
-0.034985602,-0.034985602
-0.034985602,-0.034985602
-0.034985602,-0.034985602
-0.034985602,-0.034985602
-0.034985602,-0.034985602
-0.034985602,-0.034985602
-0.034985602,-0.034985602
-0.034985602,-0.034985602
-0.034985602,-0.034985602
-0.034985602,-0.034985602
-0.034985602,-0.034985602
-0.034985602,-0.034985602
-0.034985602,-0.034985602
-0.034985602,-0.034985602
-0.034985602,-0.034985602
-0.034985602,-0.034985602
-0.034985602,-0.034985602
-0.034985602,-0.034985602
-0.034985602,-0.034985602
-0.034985602,-0.034985602
-0.034985602,-0.034985602
-0.034985602,-0.034985602
-0.034985602,-0.034985602
-0.034985602,-0.034985602
-0.034985602,-0.034985602
-0.034985602,-0.034985602
-0.034985602,-0.034985602
-0.034985602,-0.034985602
-0.034985602,-0.034985602
-0.034985602,-0.034985602
-0.034985602,-0.034985602
-0.034985602,-0.034985602
-0.034985602,-0.034985602
-0.034985602,-0.034985602
-0.034985602,-0.034985602
-0.034985602,-0.034985602
-0.034985602,-0.034985602
-0.034985602,-0.034985602
-0.034985602,-0.034985602
-0.034985602,-0.034985602
-0.034985602,-0.034985602
-0.034985602,-0.034985602
-0.034985602,-0.034985602
-0.034985602,-0.034985602
-0.034985602,-0.034985602
-0.034985602,-0.034985602
-0.034985602,-0.034985602
-0.034985602,-0.034985602
-0.034985602,-0.034985602
-0.034985602,-0.034985602
-0.034985602,-0.034985602
-0.034985602,-0.034985602
-0.034985602,-0.034985602
-0.034985602,-0.034985602
-0.034985602,-0.034985602
-0.034985602,-0.034985602
-0.034985602,-0.034985602
-0.034985602,-0.034985602
-0.034985602,-0.034985602
-0.034985602,-0.034985602
-0.034985602,-0.034985602
-0.034985602,-0.034985602
-0.034985602,-0.034985602
-0.034985602,-0.034985602
-0.034985602,-0.034985602
-0.034985602,-0.034985602
-0.034985602,-0.034985602
-0.034985602,-0.034985602
-0.034985602,-0.034985602
-0.034985602,-0.034985602
-0.034985602,-0.034985602
-0.034985602,-0.034985602
-0.034985602,-0.034985602
-0.034985602,-0.034985602
-0.034985602,-0.034985602
-0.034985602,-0.034985602
-0.034985602,-0.034985602
-0.034985602,-0.034985602
-0.034985602,-0.034985602
-0.034985602,-0.034985602
-0.034985602,-0.034985602
-0.034985602,-0.034985602
-0.034985602,-0.034985602
-0.034985602,-0.034985602
-0.034985602,-0.034985602
-0.034985602,-0.034985602
-0.034985602,-0.034985602
-0.034985602,-0.034985602
-0.034985602,-0.034985602
-0.034985602,-0.034985602
-0.034985602,-0.034985602
-0.034985602,-0.034985602
-0.034985602,-0.034985602
-0.034985602,-0.034985602
-0.034985602,-0.034985602
-0.034985602,-0.034985602
-0.034985602,-0.034985602
-0.034985602,-0.034985602
-0.034985602,-0.034985602
-0.034985602,-0.034985602
-0.034985602,-0.034985602
-0.034985602,-0.034985602
-0.034985602,-0.034985602
-0.034985602,-0.034985602
-0.034985602,-0.034985602
-0.034985602,-0.034985602
-0.034985602,-0.034985602
-0.034985602,-0.034985602
-0.034985602,-0.034985602
-0.034985602,-0.034985602
-0.034985602,-0.034985602
-0.034985602,-0.034985602
-0.034985602,-0.034985602
-0.034985602,-0.034985602
-0.034985602,-0.034985602
-0.034985602,-0.034985602
-0.034985602,-0.034985602
-0.034985602,-0.034985602
-0.034985602,-0.034985602
-0.034985602,-0.034985602
-0.034985602,-0.034985602
-0.034985602,-0.034985602
-0.034985602,-0.034985602
-0.034985602,-0.034985602
-0.034985602,-0.034985602
-0.034985602,-0.034985602
-0.034985602,-0.034985602
-0.034985602,-0.034985602
-0.034985602,-0.034985602
-0.034985602,-0.034985602
-0.034985602,-0.034985602
-0.034985602,-0.034985602
-0.034985602,-0.034985602
-0.034985602,-0.034985602
-0.034985602,-0.034985602
-0.034985602,-0.034985602
-0.034985602,-0.034985602
-0.034985602,-0.034985602
-0.034985602,-0.034985602
-0.034985602,-0.034985602
-0.034985602,-0.034985602
-0.034985602,-0.034985602
-0.034985602,-0.034985602
-0.034985602,-0.034985602
-0.034985602,-0.034985602
-0.034985602,-0.034985602
-0.034985602,-0.034985602
-0.034985602,-0.034985602
-0.034985602,-0.034985602
-0.034985602,-0.034985602
-0.034985602,-0.034985602
-0.034985602,-0.034985602
-0.034985602,-0.034985602
-0.034985602,-0.034985602
-0.034985602,-0.034985602
-0.034985602,-0.034985602
-0.034985602,-0.034985602
-0.034985602,-0.034985602
-0.034985602,-0.034985602
-0.034985602,-0.034985602
-0.034985602,-0.034985602
-0.034985602,-0.034985602
-0.034985602,-0.034985602
-0.034985602,-0.034985602
-0.034985602,-0.034985602
-0.034985602,-0.034985602
-0.034985602,-0.034985602
-0.034985602,-0.034985602
-0.034985602,-0.034985602
-0.034985602,-0.034985602
-0.034985602,-0.034985602
-0.034985602,-0.034985602
-0.034985602,-0.034985602
-0.034985602,-0.034985602
-0.034985602,-0.034985602
-0.034985602,-0.034985602
-0.034985602,-0.034985602
-0.034985602,-0.034985602
-0.034985602,-0.034985602
-0.034985602,-0.034985602
-0.034985602,-0.034985602
-0.034985602,-0.034985602
-0.034985602,-0.034985602
-0.034985602,-0.034985602
-0.034985602,-0.034985602
-0.034985602,-0.034985602
-0.034985602,-0.034985602
-0.034985602,-0.034985602
-0.034985602,-0.034985602
-0.034985602,-0.034985602
-0.034985602,-0.034985602
-0.034985602,-0.034985602
-0.034985602,-0.034985602
-0.034985602,-0.034985602
-0.034985602,-0.034985602
-0.034985602,-0.034985602
-0.034985602,-0.034985602
-0.034985602,-0.034985602
-0.034985602,-0.034985602
-0.034985602,-0.034985602
-0.034985602,-0.034985602
-0.034985602,-0.034985602
-0.034985602,-0.034985602
-0.034985602,-0.034985602
-0.034985602,-0.034985602
-0.034985602,-0.034985602
-0.034985602,-0.034985602
-0.034985602,-0.034985602
-0.034985602,-0.034985602
-0.034985602,-0.034985602
-0.034985602,-0.034985602
-0.034985602,-0.034985602
-0.034985602,-0.034985602
-0.034985602,-0.034985602
-0.034985602,-0.034985602
-0.034985602,-0.034985602
-0.034985602,-0.034985602
-0.034985602,-0.034985602
-0.034985602,-0.034985602
-0.034985602,-0.034985602
-0.034985602,-0.034985602
-0.034985602,-0.034985602
-0.034985602,-0.034985602
-0.034985602,-0.034985602
-0.034985602,-0.034985602
-0.034985602,-0.034985602
-0.034985602,-0.034985602
-0.034985602,-0.034985602
-0.034985602,-0.034985602
-0.034985602,-0.034985602
-0.034985602,-0.034985602
-0.034985602,-0.034985602
-0.034985602,-0.034985602
-0.034985602,-0.034985602
-0.034985602,-0.034985602
-0.034985602,-0.034985602
-0.034985602,-0.034985602
-0.034985602,-0.034985602
-0.034985602,-0.034985602
-0.034985602,-0.034985602
-0.034985602,-0.034985602
-0.034985602,-0.034985602
-0.034985602,-0.034985602
-0.034985602,-0.034985602
-0.034985602,-0.034985602
-0.034985602,-0.034985602
-0.034985602,-0.034985602
-0.034985602,-0.034985602
-0.034985602,-0.034985602
-0.034985602,-0.034985602
-0.034985602,-0.034985602
-0.034985602,-0.034985602
-0.034985602,-0.034985602
-0.034985602,-0.034985602
-0.034985602,-0.034985602
-0.034985602,-0.034985602
-0.034985602,-0.034985602
-0.034985602,-0.034985602
-0.034985602,-0.034985602
-0.034985602,-0.034985602
-0.034985602,-0.034985602
-0.034985602,-0.034985602
-0.034985602,-0.034985602
-0.034985602,-0.034985602
-0.034985602,-0.034985602
-0.034985602,-0.034985602
-0.034985602,-0.034985602
-0.034985602,-0.034985602
-0.034985602,-0.034985602
-0.034985602,-0.034985602
-0.034985602,-0.034985602
-0.034985602,-0.034985602
-0.034985602,-0.034985602
-0.034985602,-0.034985602
-0.034985602,-0.034985602
-0.034985602,-0.034985602
-0.034985602,-0.034985602
-0.034985602,-0.034985602
-0.034985602,-0.034985602
-0.034985602,-0.034985602
-0.034985602,-0.034985602
-0.034985602,-0.034985602
-0.034985602,-0.034985602
-0.034985602,-0.034985602
-0.034985602,-0.034985602
-0.034985602,-0.034985602
-0.034985602,-0.034985602
-0.034985602,-0.034985602
-0.034985602,-0.034985602
-0.034985602,-0.034985602
-0.034985602,-0.034985602
-0.034985602,-0.034985602
-0.034985602,-0.034985602
-0.034985602,-0.034985602
-0.034985602,-0.034985602
-0.034985602,-0.034985602
-0.034985602,-0.034985602
-0.034985602,-0.034985602
-0.034985602,-0.034985602
-0.034985602,-0.034985602
-0.034985602,-0.034985602
-0.034985602,-0.034985602
-0.034985602,-0.034985602
-0.034985602,-0.034985602
-0.034985602,-0.034985602
-0.034985602,-0.034985602
-0.034985602,-0.034985602
-0.034985602,-0.034985602
-0.034985602,-0.034985602
-0.034985602,-0.034985602
-0.034985602,-0.034985602
-0.034985602,-0.034985602
-0.034985602,-0.034985602
-0.034985602,-0.034985602
-0.034985602,-0.034985602
-0.034985602,-0.034985602
-0.034985602,-0.034985602
-0.034985602,-0.034985602
-0.034985602,-0.034985602
-0.034985602,-0.034985602
-0.034985602,-0.034985602
-0.034985602,-0.034985602
-0.034985602,-0.034985602
-0.034985602,-0.034985602
-0.034985602,-0.034985602
-0.034985602,-0.034985602
-0.034985602,-0.034985602
-0.034985602,-0.034985602
-0.034985602,-0.034985602
-0.034985602,-0.034985602
-0.034985602,-0.034985602
-0.034985602,-0.034985602
-0.034985602,-0.034985602
-0.034985602,-0.034985602
-0.034985602,-0.034985602
-0.034985602,-0.034985602
-0.034985602,-0.034985602
-0.034985602,-0.034985602
-0.034985602,-0.034985602
-0.034985602,-0.034985602
-0.034985602,-0.034985602
-0.034985602,-0.034985602
-0.034985602,-0.034985602
-0.034985602,-0.034985602
-0.034985602,-0.034985602
-0.034985602,-0.034985602
-0.034985602,-0.034985602
-0.034985602,-0.034985602
-0.034985602,-0.034985602
-0.034985602,-0.034985602
-0.034985602,-0.034985602
-0.034985602,-0.034985602
-0.034985602,-0.034985602
-0.034985602,-0.034985602
-0.034985602,-0.034985602
-0.034985602,-0.034985602
-0.034985602,-0.034985602
-0.034985602,-0.034985602
-0.034985602,-0.034985602
-0.034985602,-0.034985602
-0.034985602,-0.034985602
-0.034985602,-0.034985602
-0.034985602,-0.034985602
-0.034985602,-0.034985602
-0.034985602,-0.034985602
-0.034985602,-0.034985602
-0.034985602,-0.034985602
-0.034985602,-0.034985602
-0.034985602,-0.034985602
-0.034985602,-0.034985602
-0.034985602,-0.034985602
-0.034985602,-0.034985602
-0.034985602,-0.034985602
-0.034985602,-0.034985602
-0.034985602,-0.034985602
-0.034985602,-0.034985602
-0.034985602,-0.034985602
-0.034985602,-0.034985602
-0.034985602,-0.034985602
-0.034985602,-0.034985602
-0.034985602,-0.034985602
-0.034985602,-0.034985602
-0.034985602,-0.034985602
-0.034985602,-0.034985602
-0.034985602,-0.034985602
-0.034985602,-0.034985602
-0.034985602,-0.034985602
-0.034985602,-0.034985602
-0.034985602,-0.034985602
-0.034985602,-0.034985602
-0.034985602,-0.034985602
-0.034985602,-0.034985602
-0.034985602,-0.034985602
-0.034985602,-0.034985602
-0.034985602,-0.034985602
-0.034985602,-0.034985602
-0.034985602,-0.034985602
-0.034985602,-0.034985602
-0.034985602,-0.034985602
-0.034985602,-0.034985602
-0.034985602,-0.034985602
-0.034985602,-0.034985602
-0.034985602,-0.034985602
-0.034985602,-0.034985602
-0.034985602,-0.034985602
-0.034985602,-0.034985602
-0.034985602,-0.034985602
-0.034985602,-0.034985602
-0.034985602,-0.034985602
-0.034985602,-0.034985602
-0.034985602,-0.034985602
-0.034985602,-0.034985602
-0.034985602,-0.034985602
-0.034985602,-0.034985602
-0.034985602,-0.034985602
-0.034985602,-0.034985602
-0.034985602,-0.034985602
-0.034985602,-0.034985602
-0.034985602,-0.034985602
-0.034985602,-0.034985602
-0.034985602,-0.034985602
-0.034985602,-0.034985602
-0.034985602,-0.034985602
-0.034985602,-0.034985602
-0.034985602,-0.034985602
-0.034985602,-0.034985602
-0.034985602,-0.034985602
-0.034985602,-0.034985602
-0.034985602,-0.034985602
-0.034985602,-0.034985602
-0.034985602,-0.034985602
-0.034985602,-0.034985602
-0.034985602,-0.034985602
-0.034985602,-0.034985602
-0.034985602,-0.034985602
-0.034985602,-0.034985602
-0.034985602,-0.034985602
-0.034985602,-0.034985602
-0.034985602,-0.034985602
-0.034985602,-0.034985602
-0.034985602,-0.034985602
-0.034985602,-0.034985602
-0.034985602,-0.034985602
-0.034985602,-0.034985602
-0.034985602,-0.034985602
-0.034985602,-0.034985602
-0.034985602,-0.034985602
-0.034985602,-0.034985602
-0.034985602,-0.034985602
-0.034985602,-0.034985602
-0.034985602,-0.034985602
-0.034985602,-0.034985602
-0.034985602,-0.034985602
-0.034985602,-0.034985602
-0.034985602,-0.034985602
-0.034985602,-0.034985602
-0.034985602,-0.034985602
-0.034985602,-0.034985602
-0.034985602,-0.034985602
-0.034985602,-0.034985602
-0.034985602,-0.034985602
-0.034985602,-0.034985602
-0.034985602,-0.034985602
-0.034985602,-0.034985602
-0.034985602,-0.034985602
-0.034985602,-0.034985602
-0.034985602,-0.034985602
-0.034985602,-0.034985602
-0.034985602,-0.034985602
-0.034985602,-0.034985602
-0.034985602,-0.034985602
-0.034985602,-0.034985602
-0.034985602,-0.034985602
-0.034985602,-0.034985602
-0.034985602,-0.034985602
-0.034985602,-0.034985602
-0.034985602,-0.034985602
-0.034985602,-0.034985602
-0.034985602,-0.034985602
-0.034985602,-0.034985602
-0.034985602,-0.034985602
-0.034985602,-0.034985602
-0.034985602,-0.034985602
-0.034985602,-0.034985602
-0.034985602,-0.034985602
-0.034985602,-0.034985602
-0.034985602,-0.034985602
-0.034985602,-0.034985602
-0.034985602,-0.034985602
-0.034985602,-0.034985602
-0.034985602,-0.034985602
-0.034985602,-0.034985602
-0.034985602,-0.034985602
-0.034985602,-0.034985602
-0.034985602,-0.034985602
-0.034985602,-0.034985602
-0.034985602,-0.034985602
-0.034985602,-0.034985602
-0.034985602,-0.034985602
-0.034985602,-0.034985602
-0.034985602,-0.034985602
-0.034985602,-0.034985602
-0.034985602,-0.034985602
-0.034985602,-0.034985602
-0.034985602,-0.034985602
-0.034985602,-0.034985602
-0.034985602,-0.034985602
-0.034985602,-0.034985602
-0.034985602,-0.034985602
-0.034985602,-0.034985602
-0.034985602,-0.034985602
-0.034985602,-0.034985602
-0.034985602,-0.034985602
-0.034985602,-0.034985602
-0.034985602,-0.034985602
-0.034985602,-0.034985602
-0.034985602,-0.034985602
-0.034985602,-0.034985602
-0.034985602,-0.034985602
-0.034985602,-0.034985602
-0.034985602,-0.034985602
-0.034985602,-0.034985602
-0.034985602,-0.034985602
-0.034985602,-0.034985602
-0.034985602,-0.034985602
-0.034985602,-0.034985602
-0.034985602,-0.034985602
-0.034985602,-0.034985602
-0.034985602,-0.034985602
-0.034985602,-0.034985602
-0.034985602,-0.034985602
-0.034985602,-0.034985602
-0.034985602,-0.034985602
-0.034985602,-0.034985602
-0.034985602,-0.034985602
-0.034985602,-0.034985602
-0.034985602,-0.034985602
-0.034985602,-0.034985602
-0.034985602,-0.034985602
-0.034985602,-0.034985602
-0.034985602,-0.034985602
-0.034985602,-0.034985602
-0.034985602,-0.034985602
-0.034985602,-0.034985602
-0.034985602,-0.034985602
-0.034985602,-0.034985602
-0.034985602,-0.034985602
-0.034985602,-0.034985602
-0.034985602,-0.034985602
-0.034985602,-0.034985602
-0.034985602,-0.034985602
-0.034985602,-0.034985602
-0.034985602,-0.034985602
-0.034985602,-0.034985602
-0.034985602,-0.034985602
-0.034985602,-0.034985602
-0.034985602,-0.034985602
-0.034985602,-0.034985602
-0.034985602,-0.034985602
-0.034985602,-0.034985602
-0.034985602,-0.034985602
-0.034985602,-0.034985602
-0.034985602,-0.034985602
-0.034985602,-0.034985602
-0.034985602,-0.034985602
-0.034985602,-0.034985602
-0.034985602,-0.034985602
-0.034985602,-0.034985602
-0.034985602,-0.034985602
-0.034985602,-0.034985602
-0.034985602,-0.034985602
-0.034985602,-0.034985602
-0.034985602,-0.034985602
-0.034985602,-0.034985602
-0.034985602,-0.034985602
-0.034985602,-0.034985602
-0.034985602,-0.034985602
-0.034985602,-0.034985602
-0.034985602,-0.034985602
-0.034985602,-0.034985602
-0.034985602,-0.034985602
-0.034985602,-0.034985602
-0.034985602,-0.034985602
-0.034985602,-0.034985602
-0.034985602,-0.034985602
-0.034985602,-0.034985602
-0.034985602,-0.034985602
-0.034985602,-0.034985602
-0.034985602,-0.034985602
-0.034985602,-0.034985602
-0.034985602,-0.034985602
-0.034985602,-0.034985602
-0.034985602,-0.034985602
-0.034985602,-0.034985602
-0.034985602,-0.034985602
-0.034985602,-0.034985602
-0.034985602,-0.034985602
-0.034985602,-0.034985602
-0.034985602,-0.034985602
-0.034985602,-0.034985602
-0.034985602,-0.034985602
-0.034985602,-0.034985602
-0.034985602,-0.034985602
-0.034985602,-0.034985602
-0.034985602,-0.034985602
-0.034985602,-0.034985602
-0.034985602,-0.034985602
-0.034985602,-0.034985602
-0.034985602,-0.034985602
-0.034985602,-0.034985602
-0.034985602,-0.034985602
-0.034985602,-0.034985602
-0.034985602,-0.034985602
-0.034985602,-0.034985602
-0.034985602,-0.034985602
-0.034985602,-0.034985602
-0.034985602,-0.034985602
-0.034985602,-0.034985602
-0.034985602,-0.034985602
-0.034985602,-0.034985602
-0.034985602,-0.034985602
-0.034985602,-0.034985602
-0.034985602,-0.034985602
-0.034985602,-0.034985602
-0.034985602,-0.034985602
-0.034985602,-0.034985602
-0.034985602,-0.034985602
-0.034985602,-0.034985602
-0.034985602,-0.034985602
-0.034985602,-0.034985602
-0.034985602,-0.034985602
-0.034985602,-0.034985602
-0.034985602,-0.034985602
-0.034985602,-0.034985602
-0.034985602,-0.034985602
-0.034985602,-0.034985602
-0.034985602,-0.034985602
-0.034985602,-0.034985602
-0.034985602,-0.034985602
-0.034985602,-0.034985602
-0.034985602,-0.034985602
-0.034985602,-0.034985602
-0.034985602,-0.034985602
-0.034985602,-0.034985602
-0.034985602,-0.034985602
-0.034985602,-0.034985602
-0.034985602,-0.034985602
-0.034985602,-0.034985602
-0.034985602,-0.034985602
-0.034985602,-0.034985602
-0.034985602,-0.034985602
-0.034985602,-0.034985602
-0.034985602,-0.034985602
-0.034985602,-0.034985602
-0.034985602,-0.034985602
-0.034985602,-0.034985602
-0.034985602,-0.034985602
-0.034985602,-0.034985602
-0.034985602,-0.034985602
-0.034985602,-0.034985602
-0.034985602,-0.034985602
-0.034985602,-0.034985602
-0.034985602,-0.034985602
-0.034985602,-0.034985602
-0.034985602,-0.034985602
-0.034985602,-0.034985602
-0.034985602,-0.034985602
-0.034985602,-0.034985602
-0.034985602,-0.034985602
-0.034985602,-0.034985602
-0.034985602,-0.034985602
-0.034985602,-0.034985602
-0.034985602,-0.034985602
-0.034985602,-0.034985602
-0.034985602,-0.034985602
-0.034985602,-0.034985602
-0.034985602,-0.034985602
-0.034985602,-0.034985602
-0.034985602,-0.034985602
-0.034985602,-0.034985602
-0.034985602,-0.034985602
-0.034985602,-0.034985602
-0.034985602,-0.034985602
-0.034985602,-0.034985602
-0.034985602,-0.034985602
-0.034985602,-0.034985602
-0.034985602,-0.034985602
-0.034985602,-0.034985602
-0.034985602,-0.034985602
-0.034985602,-0.034985602
-0.034985602,-0.034985602
-0.034985602,-0.034985602
-0.034985602,-0.034985602
-0.034985602,-0.034985602
-0.034985602,-0.034985602
-0.034985602,-0.034985602
-0.034985602,-0.034985602
-0.034985602,-0.034985602
-0.034985602,-0.034985602
-0.034985602,-0.034985602
-0.034985602,-0.034985602
-0.034985602,-0.034985602
-0.034985602,-0.034985602
-0.034985602,-0.034985602
-0.034985602,-0.034985602
-0.034985602,-0.034985602
-0.034985602,-0.034985602
-0.034985602,-0.034985602
-0.034985602,-0.034985602
-0.034985602,-0.034985602
-0.034985602,-0.034985602
-0.034985602,-0.034985602
-0.034985602,-0.034985602
-0.034985602,-0.034985602
-0.034985602,-0.034985602
-0.034985602,-0.034985602
-0.034985602,-0.034985602
-0.034985602,-0.034985602
-0.034985602,-0.034985602
-0.034985602,-0.034985602
-0.034985602,-0.034985602
-0.034985602,-0.034985602
-0.034985602,-0.034985602
-0.034985602,-0.034985602
-0.034985602,-0.034985602
-0.034985602,-0.034985602
-0.034985602,-0.034985602
-0.034985602,-0.034985602
-0.034985602,-0.034985602
-0.034985602,-0.034985602
-0.034985602,-0.034985602
-0.034985602,-0.034985602
-0.034985602,-0.034985602
-0.034985602,-0.034985602
-0.034985602,-0.034985602
-0.034985602,-0.034985602
-0.034985602,-0.034985602
-0.034985602,-0.034985602
-0.034985602,-0.034985602
-0.034985602,-0.034985602
-0.034985602,-0.034985602
-0.034985602,-0.034985602
-0.034985602,-0.034985602
-0.034985602,-0.034985602
-0.034985602,-0.034985602
-0.034985602,-0.034985602
-0.034985602,-0.034985602
-0.034985602,-0.034985602
-0.034985602,-0.034985602
-0.034985602,-0.034985602
-0.034985602,-0.034985602
-0.034985602,-0.034985602
-0.034985602,-0.034985602
-0.034985602,-0.034985602
-0.034985602,-0.034985602
-0.034985602,-0.034985602
-0.034985602,-0.034985602
-0.034985602,-0.034985602
-0.034985602,-0.034985602
-0.034985602,-0.034985602
-0.034985602,-0.034985602
-0.034985602,-0.034985602
-0.034985602,-0.034985602
-0.034985602,-0.034985602
-0.034985602,-0.034985602
-0.034985602,-0.034985602
-0.034985602,-0.034985602
-0.034985602,-0.034985602
-0.034985602,-0.034985602
-0.034985602,-0.034985602
-0.034985602,-0.034985602
-0.034985602,-0.034985602
-0.034985602,-0.034985602
-0.034985602,-0.034985602
-0.034985602,-0.034985602
-0.034985602,-0.034985602
-0.034985602,-0.034985602
-0.034985602,-0.034985602
-0.034985602,-0.034985602
-0.034985602,-0.034985602
-0.034985602,-0.034985602
-0.034985602,-0.034985602
-0.034985602,-0.034985602
-0.034985602,-0.034985602
-0.034985602,-0.034985602
-0.034985602,-0.034985602
-0.034985602,-0.034985602
-0.034985602,-0.034985602
-0.034985602,-0.034985602
-0.034985602,-0.034985602
-0.034985602,-0.034985602
-0.034985602,-0.034985602
-0.034985602,-0.034985602
-0.034985602,-0.034985602
-0.034985602,-0.034985602
-0.034985602,-0.034985602
-0.034985602,-0.034985602
-0.034985602,-0.034985602
-0.034985602,-0.034985602
-0.034985602,-0.034985602
-0.034985602,-0.034985602
-0.034985602,-0.034985602
-0.034985602,-0.034985602
-0.034985602,-0.034985602
-0.034985602,-0.034985602
-0.034985602,-0.034985602
-0.034985602,-0.034985602
-0.034985602,-0.034985602
-0.034985602,-0.034985602
-0.034985602,-0.034985602
-0.034985602,-0.034985602
-0.034985602,-0.034985602
-0.034985602,-0.034985602
-0.034985602,-0.034985602
-0.034985602,-0.034985602
-0.034985602,-0.034985602
-0.034985602,-0.034985602
-0.034985602,-0.034985602
-0.034985602,-0.034985602
-0.034985602,-0.034985602
-0.034985602,-0.034985602
-0.034985602,-0.034985602
-0.034985602,-0.034985602
-0.034985602,-0.034985602
-0.034985602,-0.034985602
-0.034985602,-0.034985602
-0.034985602,-0.034985602
-0.034985602,-0.034985602
-0.034985602,-0.034985602
-0.034985602,-0.034985602
-0.034985602,-0.034985602
-0.034985602,-0.034985602
-0.034985602,-0.034985602
-0.034985602,-0.034985602
-0.034985602,-0.034985602
-0.034985602,-0.034985602
-0.034985602,-0.034985602
-0.034985602,-0.034985602
-0.034985602,-0.034985602
-0.034985602,-0.034985602
-0.034985602,-0.034985602
-0.034985602,-0.034985602
-0.034985602,-0.034985602
-0.034985602,-0.034985602
-0.034985602,-0.034985602
-0.034985602,-0.034985602
-0.034985602,-0.034985602
-0.034985602,-0.034985602
-0.034985602,-0.034985602
-0.034985602,-0.034985602
-0.034985602,-0.034985602
-0.034985602,-0.034985602
-0.034985602,-0.034985602
-0.034985602,-0.034985602
-0.034985602,-0.034985602
-0.034985602,-0.034985602
-0.034985602,-0.034985602
-0.034985602,-0.034985602
-0.034985602,-0.034985602
-0.034985602,-0.034985602
-0.034985602,-0.034985602
-0.034985602,-0.034985602
-0.034985602,-0.034985602
-0.034985602,-0.034985602
-0.034985602,-0.034985602
-0.034985602,-0.034985602
-0.034985602,-0.034985602
-0.034985602,-0.034985602
-0.034985602,-0.034985602
-0.034985602,-0.034985602
-0.034985602,-0.034985602
-0.034985602,-0.034985602
-0.034985602,-0.034985602
-0.034985602,-0.034985602
-0.034985602,-0.034985602
-0.034985602,-0.034985602
-0.034985602,-0.034985602
-0.034985602,-0.034985602
-0.034985602,-0.034985602
-0.034985602,-0.034985602
-0.034985602,-0.034985602
-0.034985602,-0.034985602
-0.034985602,-0.034985602
-0.034985602,-0.034985602
-0.034985602,-0.034985602
-0.034985602,-0.034985602
-0.034985602,-0.034985602
-0.034985602,-0.034985602
-0.034985602,-0.034985602
-0.034985602,-0.034985602
-0.034985602,-0.034985602
-0.034985602,-0.034985602
-0.034985602,-0.034985602
-0.034985602,-0.034985602
-0.034985602,-0.034985602
-0.034985602,-0.034985602
-0.034985602,-0.034985602
-0.034985602,-0.034985602
-0.034985602,-0.034985602
-0.034985602,-0.034985602
-0.034985602,-0.034985602
-0.034985602,-0.034985602
-0.034985602,-0.034985602
-0.034985602,-0.034985602
-0.034985602,-0.034985602
-0.034985602,-0.034985602
-0.034985602,-0.034985602
-0.034985602,-0.034985602
-0.034985602,-0.034985602
-0.034985602,-0.034985602
-0.034985602,-0.034985602
-0.034985602,-0.034985602
-0.034985602,-0.034985602
-0.034985602,-0.034985602
-0.034985602,-0.034985602
-0.034985602,-0.034985602
-0.034985602,-0.034985602
-0.034985602,-0.034985602
0.1496661,0.1496661
0.1496661,0.1496661
0.1496661,0.1496661
0.1496661,0.1496661
0.1496661,0.1496661
0.1496661,0.1496661
0.1496661,0.1496661
0.1496661,0.1496661
0.1496661,0.1496661
0.1496661,0.1496661
0.1496661,0.1496661
0.1496661,0.1496661
0.1496661,0.1496661
0.1496661,0.1496661
0.1496661,0.1496661
0.1496661,0.1496661
0.1496661,0.1496661
0.1496661,0.1496661
0.1496661,0.1496661
0.1496661,0.1496661
0.1496661,0.1496661
0.1496661,0.1496661
0.1496661,0.1496661
0.1496661,0.1496661
0.1496661,0.1496661
0.1496661,0.1496661
-0.9025451,-0.9025451
-0.9025451,-0.9025451
-0.9025451,-0.9025451
-0.9025451,-0.9025451
-0.9025451,-0.9025451
-0.9025451,-0.9025451
-0.9025451,-0.9025451
-0.9025451,-0.9025451
-0.9025451,-0.9025451
-0.9025451,-0.9025451
-0.9025451,-0.9025451
-0.9025451,-0.9025451
-0.9025451,-0.9025451
-0.9025451,-0.9025451
-0.9025451,-0.9025451
-0.9025451,-0.9025451
-0.9025451,-0.9025451
-0.9025451,-0.9025451
-0.9025451,-0.9025451
-0.9025451,-0.9025451
-0.9025451,-0.9025451
-0.9025451,-0.9025451
-0.9025451,-0.9025451
-0.9025451,-0.9025451
-0.9025451,-0.9025451
-0.9025451,-0.9025451
-0.9025451,-0.9025451
-0.9025451,-0.9025451
-0.9025451,-0.9025451
-0.9025451,-0.9025451
-0.9025451,-0.9025451
-0.9025451,-0.9025451
-0.9025451,-0.9025451
-0.9025451,-0.9025451
-0.9025451,-0.9025451
-0.9025451,-0.9025451
-0.9025451,-0.9025451
-0.9025451,-0.9025451
-0.9025451,-0.9025451
-0.9025451,-0.9025451
-0.9025451,-0.9025451
-0.9025451,-0.9025451
-0.9025451,-0.9025451
-0.9025451,-0.9025451
-0.9025451,-0.9025451
-0.9025451,-0.9025451
-0.9025451,-0.9025451
-0.9025451,-0.9025451
-0.9025451,-0.9025451
-0.9025451,-0.9025451
-0.9025451,-0.9025451
-0.9025451,-0.9025451
-0.9025451,-0.9025451
-0.9025451,-0.9025451
-0.9025451,-0.9025451
-0.9025451,-0.9025451
-0.9025451,-0.9025451
-0.9025451,-0.9025451
-0.9025451,-0.9025451
-0.9025451,-0.9025451
-0.9025451,-0.9025451
-0.9025451,-0.9025451
-0.9025451,-0.9025451
-0.9025451,-0.9025451
-0.9025451,-0.9025451
-0.9025451,-0.9025451
-0.9025451,-0.9025451
-0.9025451,-0.9025451
-0.9025451,-0.9025451
-0.9025451,-0.9025451
-0.9025451,-0.9025451
-0.9025451,-0.9025451
-0.034985602,-0.034985602
-0.034985602,-0.034985602
-0.034985602,-0.034985602
-0.034985602,-0.034985602
-0.034985602,-0.034985602
-0.034985602,-0.034985602
-0.034985602,-0.034985602
-0.034985602,-0.034985602
-0.034985602,-0.034985602
-0.034985602,-0.034985602
-0.034985602,-0.034985602
-0.034985602,-0.034985602
-0.034985602,-0.034985602
-0.034985602,-0.034985602
-0.034985602,-0.034985602
-0.034985602,-0.034985602
-0.034985602,-0.034985602
-0.034985602,-0.034985602
-0.034985602,-0.034985602
-0.034985602,-0.034985602
-0.034985602,-0.034985602
-0.034985602,-0.034985602
-0.034985602,-0.034985602
-0.034985602,-0.034985602
-0.034985602,-0.034985602
-0.044198453,-0.044198453
-0.044198453,-0.044198453
-0.044198453,-0.044198453
-0.044198453,-0.044198453
-0.044198453,-0.044198453
-0.044198453,-0.044198453
-0.044198453,-0.044198453
-0.044198453,-0.044198453
-0.044198453,-0.044198453
-0.044198453,-0.044198453
-0.044198453,-0.044198453
-0.044198453,-0.044198453
-0.044198453,-0.044198453
-0.044198453,-0.044198453
-0.044198453,-0.044198453
-0.044198453,-0.044198453
-0.044198453,-0.044198453
-0.044198453,-0.044198453
-0.044198453,-0.044198453
-0.044198453,-0.044198453
-0.044198453,-0.044198453
-0.044198453,-0.044198453
-0.044198453,-0.044198453
-0.044198453,-0.044198453
-0.044198453,-0.044198453
-0.044198453,-0.044198453
-0.044198453,-0.044198453
-0.044198453,-0.044198453
-0.044198453,-0.044198453
-0.044198453,-0.044198453
-0.044198453,-0.044198453
-0.044198453,-0.044198453
-0.044198453,-0.044198453
-0.044198453,-0.044198453
-0.044198453,-0.044198453
-0.044198453,-0.044198453
-0.044198453,-0.044198453
-0.044198453,-0.044198453
-0.044198453,-0.044198453
-0.044198453,-0.044198453
-0.044198453,-0.044198453
-0.044198453,-0.044198453
-0.044198453,-0.044198453
-0.044198453,-0.044198453
-0.044198453,-0.044198453
-0.044198453,-0.044198453
-0.044198453,-0.044198453
-0.044198453,-0.044198453
-0.044198453,-0.044198453
-0.044198453,-0.044198453
-0.044198453,-0.044198453
-0.044198453,-0.044198453
-0.044198453,-0.044198453
-0.044198453,-0.044198453
-0.044198453,-0.044198453
-0.044198453,-0.044198453
-0.044198453,-0.044198453
-0.044198453,-0.044198453
-0.044198453,-0.044198453
-0.044198453,-0.044198453
-0.044198453,-0.044198453
-0.044198453,-0.044198453
-0.044198453,-0.044198453
-0.044198453,-0.044198453
-0.044198453,-0.044198453
-0.044198453,-0.044198453
-0.044198453,-0.044198453
-0.044198453,-0.044198453
-0.044198453,-0.044198453
-0.034985602,-0.034985602
-0.034985602,-0.034985602
-0.034985602,-0.034985602
-0.034985602,-0.034985602
-0.034985602,-0.034985602
-0.034985602,-0.034985602
-0.034985602,-0.034985602
-0.034985602,-0.034985602
-0.034985602,-0.034985602
-0.034985602,-0.034985602
-0.034985602,-0.034985602
-0.034985602,-0.034985602
-0.034985602,-0.034985602
-0.034985602,-0.034985602
-0.034985602,-0.034985602
-0.034985602,-0.034985602
-0.034985602,-0.034985602
-0.034985602,-0.034985602
-0.034985602,-0.034985602
-0.034985602,-0.034985602
-0.034985602,-0.034985602
-0.034985602,-0.034985602
-0.034985602,-0.034985602
-0.034985602,-0.034985602
-0.034985602,-0.034985602
-0.034985602,-0.034985602
-0.034985602,-0.034985602
-0.034985602,-0.034985602
-0.034985602,-0.034985602
-0.034985602,-0.034985602
-0.034985602,-0.034985602
-0.034985602,-0.034985602
-0.034985602,-0.034985602
-0.034985602,-0.034985602
-0.034985602,-0.034985602
-0.034985602,-0.034985602
-0.034985602,-0.034985602
-0.034985602,-0.034985602
-0.034985602,-0.034985602
-0.034985602,-0.034985602
-0.034985602,-0.034985602
-0.034985602,-0.034985602
-0.034985602,-0.034985602
-0.034985602,-0.034985602
-0.034985602,-0.034985602
0.024680316,0.024680316
0.024680316,0.024680316
0.024680316,0.024680316
0.024680316,0.024680316
0.024680316,0.024680316
0.024680316,0.024680316
0.024680316,0.024680316
0.024680316,0.024680316
0.024680316,0.024680316
0.024680316,0.024680316
0.024680316,0.024680316
0.024680316,0.024680316
0.024680316,0.024680316
0.024680316,0.024680316
0.024680316,0.024680316
0.024680316,0.024680316
0.024680316,0.024680316
0.024680316,0.024680316
0.024680316,0.024680316
0.024680316,0.024680316
0.024680316,0.024680316
0.024680316,0.024680316
0.024680316,0.024680316
0.024680316,0.024680316
0.024680316,0.024680316
0.024680316,0.024680316
0.024680316,0.024680316
