,group_name,group_size,P1_mean_blink_duration_ms,P2_mean_blink_duration_ms,P3_mean_blink_duration_ms,group_mean_blink_duration_ms
0,DYAD_2023_11_06_Seminar_Munich_Session_1_Group_1_TS,2,155.28301886792454,175.88664987405542,,165.58483437099
1,DYAD_2023_11_06_Seminar_Munich_Session_2_Group_1_TS,2,218.36752136752136,259.6448362720403,,239.00617881978084
2,DYAD_2023_12_19_Seminar_Wue_Session_2_Group_2_TS,2,204.753807106599,162.68269230769232,,183.71824970714567
3,DYAD_2023_12_19_Seminar_Wue_Session_2_Group_4_TS,2,155.45098039215685,176.07032967032967,,165.76065503124326
4,DYAD_2023_12_19_Seminar_Wue_Session_4_Group_1_TS,2,241.2089552238806,190.6129943502825,,215.91097478708156
5,DYAD_2023_12_19_Seminar_Wue_Session_4_Group_2_TS,2,210.85906040268458,185.06127450980392,,197.96016745624425
6,DYAD_2023_12_19_Seminar_Wue_Session_4_Group_5_TS,2,193.80620155038758,155.07327586206895,,174.43973870622827
7,DYAD_2024_05_07_Seminar_Wue_Session_2_Group_1_TS,2,158.79097387173397,193.03030303030303,,175.91063845101849
8,DYAD_2024_06_14_Seminar_Wue_Session_1_Group_2_TS,2,159.34567901234567,186.15753424657535,,172.75160662946053
9,DYAD_2024_06_14_Seminar_Wue_Session_3_Group_5_TS,2,233.86496350364965,190.47191011235955,,212.1684368080046
10,DYAD_2024_11_04_Seminar_Mun_Session_1_Group_2_TS,2,162.87719298245614,201.66666666666666,,182.2719298245614
11,TRIAD_2023_10_23_Seminar_Munich_Session_1_Group_1_TS,3,192.61988304093566,153.51951951951952,166.05230125523013,170.73056793856176
12,TRIAD_2023_12_19_Seminar_Wue_Session_2_Group_1_TS,3,140.0528846153846,175.77197802197801,235.8409090909091,183.88859057609056
13,TRIAD_2023_12_19_Seminar_Wue_Session_3_Group_1_TS,3,125.67857142857143,171.8835616438356,172.36824324324326,156.64345877188342
14,TRIAD_2024_05_07_Seminar_Wue_Session_2_Group_2_TS,3,197.77333333333334,165.45217391304348,156.27201051248358,173.16583925295345
15,TRIAD_2024_05_07_Seminar_Wue_Session_2_Group_4_TS,3,148.41935483870967,213.96396396396398,182.36454849498327,181.5826224325523
16,TRIAD_2024_06_14_Seminar_Wue_Session_2_Group_1_TS,3,133.94285714285715,253.12820512820514,166.3939393939394,184.48833388833387
17,TRIAD_2024_06_14_Seminar_Wue_Session_3_Group_1_TS,3,206.78021978021977,174.05384615384617,162.8586956521739,181.23092052874662
18,TRIAD_2024_06_14_Seminar_Wue_Session_3_Group_2_TS,3,170.8859649122807,240.30364372469634,178.3448275862069,196.5114787410613
19,TRIAD_2023_10_30_Seminar_Munich_No_VAD,3,190.14367816091954,176.79674796747966,193.9513274336283,186.96391785400917
20,TRIAD_2024_05_07_Seminar_Wue_Session_1_Group_4_TS,3,149.02941176470588,165.2651515151515,226.71978021978023,180.3381144998792
21,TRIAD_2024_05_07_Seminar_Wue_Session_1_Group_2_TS,3,179.04545454545453,181.13793103448276,153.9718309859155,171.3850721886176
22,TRIAD_2024_11_04_Seminar_Mun_Session_1_Group_1_TS,3,155.25213675213675,194.527950310559,173.75877192982455,174.51295299750677
23,TRIAD_2024_11_11_Seminar_Mun_Session_1_Group_1_TS,3,190.34013605442178,168.3991935483871,227.64788732394365,195.46240564225084
24,TRIAD_2024_11_18_Seminar_Mun_Session_1_Group_1_TS,3,150.79701492537313,156.9049773755656,177.01421800947867,161.57207010347247
